
         
 *******************************************************************************
 *                                                                             *
 *                                CRYSTAL09                                    *
 *                              public : 2.0                                   *
 *                      December 10th, 2012 - sequential executable            *
 *                                                                             *
 *                                                                             *
 *                                                                             *
 *                              MAIN AUTHORS                                   *
 *                                                                             *
 *    R. DOVESI(1,10), V.R. SAUNDERS(2), C. ROETTI(1,10), R. ORLANDO (1,3),    *
 *  C.M. ZICOVICH-WILSON(1,4), F. PASCALE(5), B. CIVALLERI(1,10), K. DOLL(6),  *
 *       N.M. HARRISON(2,7), I. J. BUSH(2), Ph. D'ARCO(8), M. LLUNELL(9)       *
 *                                                                             *
 * (1) THEORETICAL CHEMISTRY GROUP - UNIVERSITA' DI TORINO - TORINO (ITALY)    *
 *      http://www.crystal.unito.it                                            *
 * (2) COMPUTATIONAL SCIENCE & ENGINEERING DEPARTMENT - CCLRC DARESBURY (UK)   *
 *     http://www.cse.clrc.ac.uk/cmg/CRYSTAL/                                  *
 * (3) UNIVERSITA' DEL PIEMONTE ORIENTALE - ALESSANDRIA (ITALY)                *
 * (4) UNIVERSIDAD AUTONOMA DEL ESTADO DE MORELOS - CUERNAVACA (MEXICO)        *
 * (5) UNIVERSITE' HENRI POINCARE' - NANCY (FRANCE)                            *
 * (6) MPI FUER FESTKOERPERFORSCHUNG - STUTTGART (GERMANY)                     *
 * (7) IMPERIAL COLLEGE - LONDON (UK)                                          *
 * (8) UNIVERSITE' PIERRE ET MARIE CURIE - PARIS (FRANCE)                      *
 * (9) UNIVERSIDAD DE BARCELONA - BARCELONA (SPAIN)                            *
 *(10) NIS - NANOSTRUCTURED INTERFACES AND SURFACES - TORINO (ITALY)           *
 *     http://www.crystal.unito.it                                             *
 *******************************************************************************
 EEEEEEEEEE STARTING  DATE 11 05 2015 TIME 10:56:14.6

 *******************************************************************************
 Created with astools                                                            
 CRYSTAL - PROPERTIES - TYPE OF CALCULATION :  UNRESTRICTED OPEN SHELL
 *******************************************************************************
 SPIN POLARIZED SYSTEM: SUMMED SPIN DENSITY   -2.00000000

 KOHN-SHAM HAMILTONIAN

 (EXCHANGE)[CORRELATION] FUNCTIONAL:(BECKE)[LEE-YANG-PARR]

 NON-LOCAL WEIGHTING FACTOR (EXCHANGE) =           0.9000
 NON-LOCAL WEIGHTING FACTOR [CORRELATION] =        0.8100

 HYBRID EXCHANGE - PERCENTAGE OF FOCK EXCHANGE     5.0000

 SPIN POLARIZED DFT SELECTED

 DIRECT LATTICE VECTOR COMPONENTS (ANGSTROM)
        10.85580    0.00000    0.00000
         0.00000   10.63740    0.00000
         0.00000    0.00000   21.98810

 LATTICE PARAMETERS  (ANGSTROM AND DEGREES) - PRIMITIVE CELL
       A          B          C         ALPHA      BETA     GAMMA        VOLUME
   10.85580   10.63740   21.98810     47.6259   47.6259   47.6259    2539.13053
 *******************************************************************************
 N. OF ATOMS PER CELL      156  COULOMB OVERLAP TOL         (T1) 10** -8
 NUMBER OF SHELLS          808  COULOMB PENETRATION TOL     (T2) 10** -8
 NUMBER OF AO             2856  EXCHANGE OVERLAP TOL        (T3) 10** -8
 N. OF ELECTRONS PER CELL 1800  EXCHANGE PSEUDO OVP (F(G))  (T4) 10** -8
 CORE ELECTRONS PER CELL  1048  EXCHANGE PSEUDO OVP (P(G))  (T5) 10**-16
 N. OF SYMMETRY OPERATORS    1  POLE ORDER IN MONO ZONE                4
 *******************************************************************************
   ATOM N.AT.  SHELL    X(A)      Y(A)      Z(A)      EXAD       N.ELECT.
 *******************************************************************************
    1    8 O     4     0.773     0.650     1.924   1.900E-01       8.650
    2    8 O     4     1.619    -3.718     0.740   1.900E-01       8.738
    3    8 O     4    -4.562     0.792     1.125   1.900E-01       8.739
    4    8 O     4    -4.553    -4.511     1.825   1.900E-01       8.609
    5    8 O     4    -4.918     4.071     0.011   1.900E-01       8.649
    6    8 O     4    -1.115    -3.899     0.113   1.900E-01       8.665
    7    8 O     4    -4.197    -1.690     0.390   1.900E-01       8.722
    8    8 O     4     1.964     4.592    -9.846   1.900E-01       8.639
    9    8 O     4     1.840    -0.548    -9.962   1.900E-01       8.657
   10    8 O     4    -4.015     4.594   -10.403   1.900E-01       8.734
   11    8 O     4    -3.440    -0.166   -10.021   1.900E-01       8.695
   12    8 O     4     5.390     3.088    -7.722   1.900E-01       8.755
   13    8 O     4    -2.690     4.111    -8.415   1.900E-01       8.660
   14    8 O     4    -4.910    -4.931    -8.398   1.900E-01       8.834
   15    8 O     4     5.131    -3.092    -9.563   1.900E-01       8.741
   16    8 O     4     3.714     2.555    -9.525   1.900E-01       8.639
   17    8 O     4    -2.876     2.311   -10.374   1.900E-01       8.798
   18    8 O     4    -0.212     1.296    -9.067   1.900E-01       8.683
   19    8 O     4     0.665    -4.019    -8.798   1.900E-01       8.650
   20    8 O     4    -1.053    -0.695    -7.817   1.900E-01       8.685
   21    8 O     4    -2.895    -2.210    -8.534   1.900E-01       8.763
   22    8 O     4     3.807     0.632    -7.818   1.900E-01       8.696
   23    8 O     4     2.432    -1.509    -3.470   1.900E-01       8.660
   24    8 O     4     2.732     3.097    -7.109   1.900E-01       8.652
   25    8 O     4     1.802     2.692    -2.403   1.900E-01       8.582
   26    8 O     4     1.960    -5.109    -6.659   1.900E-01       8.665
   27    8 O     4    -1.053     4.033    -0.113   1.900E-01       8.693
   28    8 O     4     3.517     0.856    -3.168   1.900E-01       8.588
   29    8 O     4    -4.170     1.876    -5.403   1.900E-01       8.653
   30    8 O     4     2.195    -3.907    -1.657   1.900E-01       8.643
   31    8 O     4    -2.436     0.733    -3.812   1.900E-01       8.657
   32    8 O     4     4.703     4.600    -2.290   1.900E-01       8.610
   33    8 O     4     2.537     4.999    -3.714   1.900E-01       8.818
   34    8 O     4     0.184    -1.473    -5.244   1.900E-01       8.509
   35    8 O     4     0.081    -1.436    -0.064   1.900E-01       8.705
   36    8 O     4     1.102     0.838    -6.825   1.900E-01       8.605
   37    8 O     4    -1.451     4.953    -4.678   1.900E-01       8.671
   38    8 O     4     4.267    -3.895    -3.804   1.900E-01       8.623
   39    8 O     4    -1.831    -2.788    -4.031   1.900E-01       8.474
   40    8 O     4     5.274    -0.201    -1.149   1.900E-01       8.676
   41    8 O     4     5.035    -1.250    -3.942   1.900E-01       8.624
   42    8 O     4    -4.907    -2.718    -2.105   1.900E-01       8.616
   43    8 O     4    -0.926     0.942    -1.285   1.900E-01       8.772
   44    8 O     4    -3.481     1.621    -1.426   1.900E-01       8.650
   45    8 O     4    -0.257    -3.858    -6.350   1.900E-01       8.841
   46    8 O     4     0.123    -0.883    -2.638   1.900E-01       8.552
   47    8 O     4     1.825     0.484    -1.022   1.900E-01       8.661
   48    8 O     4     3.609     5.268    -0.022   1.900E-01       8.680
   49    8 O     4     0.409     4.860    -2.757   1.900E-01       8.523
   50    8 O     4     1.195     3.244    -5.002   1.900E-01       8.503
   51    8 O     4    -1.446     2.972    -2.834   1.900E-01       8.708
   52    8 O     4    -1.577     1.420    -6.406   1.900E-01       8.652
   53    8 O     4     3.215    -0.334    -5.590   1.900E-01       8.577
   54    8 O     4     4.860     4.067    -4.835   1.900E-01       8.608
   55    8 O     4     4.674    -1.747    -7.366   1.900E-01       8.635
   56    8 O     4    -0.137     4.074    -6.962   1.900E-01       8.617
   57    8 O     4    -3.665     3.902    -3.694   1.900E-01       8.659
   58    8 O     4     2.166    -2.340    -7.232   1.900E-01       8.750
   59    8 O     4    -4.377    -3.343    -4.979   1.900E-01       8.619
   60    8 O     4    -2.318    -5.267    -1.946   1.900E-01       8.602
   61    8 O     4     0.778    -3.384    -3.745   1.900E-01       8.559
   62    8 O     4    -3.800     4.386    -6.252   1.900E-01       8.615
   63    8 O     4     4.034    -2.559    -0.279   1.900E-01       8.661
   64    8 O     4     3.948     2.482    -1.068   1.900E-01       8.738
   65   14 SI    6     1.294    -5.144     2.459   6.000E-01      13.792
   66   14 SI    6     4.713     2.014     1.883   6.000E-01      13.798
   67   14 SI    6     0.598     3.423     3.368   6.000E-01      14.076
   68   14 SI    6     3.504     0.723     3.461   6.000E-01      14.149
   69   14 SI    6     2.048     2.121     4.680   6.000E-01      13.987
   70   14 SI    6     4.816     4.626     4.715   6.000E-01      13.993
   71   14 SI    6     1.823    -0.535     2.359   6.000E-01      13.469
   72   14 SI    6     5.054    -3.556     2.337   6.000E-01      13.573
   73   14 SI    6     0.357    -2.354     3.249   6.000E-01      14.129
   74   14 SI    6     3.367    -4.676     3.454   6.000E-01      14.089
   75   14 SI    6     2.034    -3.233     4.749   6.000E-01      14.023
   76   14 SI    6     4.684    -0.601     4.939   6.000E-01      14.000
   77   14 SI    6    -3.912     4.724     1.214   6.000E-01      13.387
   78   14 SI    6    -0.501     1.743     2.131   6.000E-01      13.758
   79   14 SI    6    -4.692     3.321     3.204   6.000E-01      14.051
   80   14 SI    6    -2.178     0.499     3.172   6.000E-01      14.043
   81   14 SI    6    -3.388     2.002     4.628   6.000E-01      13.998
   82   14 SI    6    -0.764     4.775     4.749   6.000E-01      14.059
   83   14 SI    6    -3.903    -0.682     1.745   6.000E-01      13.258
   84   14 SI    6     0.004    -2.879     0.858   6.000E-01      12.998
   85   14 SI    6    -4.817    -1.868     3.538   6.000E-01      14.113
   86   14 SI    6    -1.401    -4.005     3.493   6.000E-01      13.942
   87   14 SI    6    -3.267    -3.214     4.705   6.000E-01      14.005
   88   14 SI    6    -0.710    -0.650     4.624   6.000E-01      14.021
   89   14 SI    6     0.653     0.737     6.002   6.000E-01      13.994
   90   14 SI    6     3.357     3.391     6.132   6.000E-01      13.981
   91   14 SI    6     0.659    -4.601     6.117   6.000E-01      13.996
   92   14 SI    6     3.304    -1.938     6.239   6.000E-01      13.996
   93   14 SI    6    -4.738     0.773     6.156   6.000E-01      13.993
   94   14 SI    6    -2.117     3.386     6.096   6.000E-01      13.995
   95   14 SI    6    -4.694    -4.568     6.032   6.000E-01      13.999
   96   14 SI    6    -2.015    -1.892     6.159   6.000E-01      14.008
   97   14 SI    6     2.972    -3.848    -0.232   6.000E-01      12.660
   98   14 SI    6     0.045     2.846     0.117   6.000E-01      13.425
   99   14 SI    6     1.932     4.693     7.522   6.000E-01      13.992
  100   14 SI    6     4.690     2.070     7.512   6.000E-01      14.012
  101   14 SI    6     0.465     3.384     8.886   6.000E-01      14.013
  102   14 SI    6     3.277     0.742     8.843   6.000E-01      14.044
  103   14 SI    6     1.774     1.981    10.164   6.000E-01      14.114
  104   14 SI    6     4.556     4.790    10.263   6.000E-01      14.009
  105   14 SI    6     1.880    -0.607     7.534   6.000E-01      13.988
  106   14 SI    6     4.744    -3.311     7.448   6.000E-01      13.990
  107   14 SI    6     0.581    -1.978     8.991   6.000E-01      14.019
  108   14 SI    6     3.330    -4.584     8.796   6.000E-01      14.038
  109   14 SI    6     2.080    -3.262    10.273   6.000E-01      14.088
  110   14 SI    6     4.723    -0.480    10.178   6.000E-01      13.932
  111   14 SI    6    -3.435     4.751     7.537   6.000E-01      14.003
  112   14 SI    6    -0.750     2.024     7.417   6.000E-01      13.997
  113   14 SI    6    -4.880     3.477     8.906   6.000E-01      14.001
  114   14 SI    6    -1.974     0.619     8.881   6.000E-01      14.057
  115   14 SI    6    -3.545     1.893     9.975   6.000E-01      13.603
  116   14 SI    6    -0.791     4.791    10.449   6.000E-01      14.090
  117   14 SI    6    -3.424    -0.613     7.531   6.000E-01      13.994
  118   14 SI    6    -0.696    -3.280     7.526   6.000E-01      13.979
  119   14 SI    6    -4.838    -1.948     8.885   6.000E-01      14.015
  120   14 SI    6    -2.093    -4.515     8.979   6.000E-01      14.001
  121   14 SI    6    -3.565    -3.251    10.371   6.000E-01      14.067
  122   14 SI    6    -0.838    -0.763    10.446   6.000E-01      14.076
  123   14 SI    6     0.623     0.558   -10.314   6.000E-01      13.206
  124   14 SI    6     2.976     3.511   -10.619   6.000E-01      13.300
  125   14 SI    6     0.979    -4.774   -10.251   6.000E-01      13.273
  126   14 SI    6     3.120    -1.551   -10.397   6.000E-01      13.483
  127   14 SI    6    -3.309     1.130    -9.023   6.000E-01      13.108
  128   14 SI    6    -2.541     4.002   -10.068   6.000E-01      13.040
  129   14 SI    6    -4.982    -4.571   -10.249   6.000E-01      13.162
  130   14 SI    6    -2.638    -1.647   -10.154   6.000E-01      13.235
  131   14 SI    6     3.891     2.278    -7.945   6.000E-01      12.564
  132   14 SI    6    -4.280     4.275    -7.801   6.000E-01      12.670
  133   14 SI    6    -5.239    -2.941    -7.966   6.000E-01      12.839
  134   14 SI    6    -2.325    -1.449    -7.065   6.000E-01      13.379
  135   14 SI    6     2.815     1.530    -1.863   6.000E-01      12.675
  136   14 SI    6    -1.987    -5.276    -0.306   6.000E-01      12.933
  137   14 SI    6     3.600    -0.545    -4.048   6.000E-01      12.810
  138   14 SI    6    -2.842     0.779    -5.488   6.000E-01      13.009
  139   14 SI    6    -0.339     0.761    -7.412   6.000E-01      12.922
  140   14 SI    6     1.456    -4.514    -2.904   6.000E-01      12.785
  141   14 SI    6     1.257    -3.723    -7.280   6.000E-01      12.632
  142   14 SI    6    -1.153    -2.517    -5.391   6.000E-01      13.262
  143   14 SI    6    -5.253    -2.811    -3.798   6.000E-01      12.913
  144   14 SI    6    -2.117     1.518    -2.401   6.000E-01      12.643
  145   14 SI    6     4.509     4.080    -0.771   6.000E-01      12.630
  146   14 SI    6     1.338     3.719    -3.500   6.000E-01      12.888
  147   14 SI    6     0.856    -1.737    -3.790   6.000E-01      12.916
  148   14 SI    6    -4.845     1.180    -0.553   6.000E-01      12.945
  149   14 SI    6    -4.436     3.471    -5.053   6.000E-01      12.815
  150   14 SI    6    -1.205     5.178    -6.292   6.000E-01      12.827
  151   14 SI    6     3.282    -0.857    -7.113   6.000E-01      12.578
  152   14 SI    6     0.295    -0.231    -1.178   6.000E-01      12.631
  153   14 SI    6     1.465     3.918    -6.512   6.000E-01      12.698
  154   14 SI    6    -5.362    -1.827    -0.824   6.000E-01      12.715
  155   14 SI    6     4.273     5.141    -3.743   6.000E-01      12.717
  156   14 SI    6    -2.166     4.415    -3.280   6.000E-01      12.611
 *******************************************************************************
 DE(K)                   0.000E+00  ENERGY LEVEL SHIFTING        0.00000
 TOTAL ENERGY -3.1446857269310E+04  CONVERGENCE ON ENER        3.102E-05
 KIN. ENERGY   3.1334429251737E+04  VIR. COEFF.           1.03708466E+00
 N. OF SCF CYCLES              147  FERMI ENERGY              -0.983E-01
 WEIGHT OF F(I) IN F(I+1)      95
 SHRINK. FACT.(MONKH.)     2  2  2  SHRINKING FACTOR(GILAT NET)        2
 NUMBER OF K POINTS IN THE IBZ   8  CELL VOLUME (A.U.)       17134.90240
 *******************************************************************************

 GCALCO - MAX INDICES DIRECT LATTICE VECTOR    18    19     9
 NO.OF VECTORS CREATED 6999 STARS 1061 RMAX   305.16670 BOHR

 DIMENSIONS  P(G)= 6626060 F(G)= 1182186 P(G),F(G) (IRR) 3321682
 MAX G-VECTOR INDEX FOR 1- AND 2-ELECTRON INTEGRALS  65


 CAPPA:IS1  2;IS2  2;IS3  2; K PTS MONK NET    8; SYMMOPS: K SPACE  2;G SPACE  1


 CAPPA:IS1  6;IS2  6;IS3  3; K PTS MONK NET   56; SYMMOPS: K SPACE  2;G SPACE  1

 *******************************************************************************
 RESTART WITH NEW K POINTS NET
 *******************************************************************************
 POINTS IN THE IBZ                  56 POINTS(GILAT NET)                56
 SHRINK FACTORS(MONK.)         6  6  3 SHRINK FACTOR(GILAT)              6
 *******************************************************************************
 *** K POINTS COORDINATES (OBLIQUE COORDINATES IN UNITS OF IS =  6)
   1-R(  0  0  0)   2-C(  1  0  0)   3-C(  2  0  0)   4-R(  3  0  0)
   5-C(  0  1  0)   6-C(  1  1  0)   7-C(  2  1  0)   8-C(  3  1  0)
   9-C(  4  1  0)  10-C(  5  1  0)  11-C(  0  2  0)  12-C(  1  2  0)
  13-C(  2  2  0)  14-C(  3  2  0)  15-C(  4  2  0)  16-C(  5  2  0)
  17-R(  0  3  0)  18-C(  1  3  0)  19-C(  2  3  0)  20-R(  3  3  0)
  21-C(  0  0  1)  22-C(  1  0  1)  23-C(  2  0  1)  24-C(  3  0  1)
  25-C(  4  0  1)  26-C(  5  0  1)  27-C(  0  1  1)  28-C(  1  1  1)
  29-C(  2  1  1)  30-C(  3  1  1)  31-C(  4  1  1)  32-C(  5  1  1)
  33-C(  0  2  1)  34-C(  1  2  1)  35-C(  2  2  1)  36-C(  3  2  1)
  37-C(  4  2  1)  38-C(  5  2  1)  39-C(  0  3  1)  40-C(  1  3  1)
  41-C(  2  3  1)  42-C(  3  3  1)  43-C(  4  3  1)  44-C(  5  3  1)
  45-C(  0  4  1)  46-C(  1  4  1)  47-C(  2  4  1)  48-C(  3  4  1)
  49-C(  4  4  1)  50-C(  5  4  1)  51-C(  0  5  1)  52-C(  1  5  1)
  53-C(  2  5  1)  54-C(  3  5  1)  55-C(  4  5  1)  56-C(  5  5  1)

 FERMI ENERGY AND DENSITY MATRIX CALCULATION ON COMPUTED EIGENVECTORS
 DENSITY MATRIX AT SCF CYCLE (147+1)


    ALPHA      ELECTRONS
 INSULATING STATE
 TOP OF VALENCE BANDS -    BAND    899; K   33; EIG -1.0491470E-01 AU
 TOP OF VALENCE BANDS -    BAND    899; K    1; EIG -1.0709513E-01 AU
 BOTTOM OF VIRTUAL BANDS - BAND    900; K    1; EIG -9.0244271E-02 AU

    BETA       ELECTRONS
 INSULATING STATE
 TOP OF VALENCE BANDS -    BAND    901; K   24; EIG -9.8685314E-02 AU
 TOP OF VALENCE BANDS -    BAND    901; K    1; EIG -7.9913423E-02 AU
 BOTTOM OF VIRTUAL BANDS - BAND    902; K   42; EIG -8.8236427E-02 AU
 BOTTOM OF VIRTUAL BANDS - BAND    902; K    1; EIG -7.8786994E-02 AU

 CORE DENSITY MATRIX CALCULATION
 TTTTTTTTTTTTTTTTTTTTTTTTTTTTTT NEWK        TELAPSE   116189.42 TCPU   116002.73
 TTTTTTTTTTTTTTTTTTTTTTTTTTTTTT SETPRINT    TELAPSE   116189.42 TCPU   116002.73

 *******************************************************************************
 HYPERFINE ELECTRON-NUCLEAR SPIN INTERACTION TENSOR
 ANISOTROPIC COMPONENTS - THE TENSOR IS TRACELESS
 *******************************************************************************


 POINT   ATOM  MASS NO  NUCLEAR G FACTOR
    1    1 O      17      -0.7575220

 TENSOR IN ORIGINAL CARTESIAN AXES
 XX  1.486819E-03 YY -1.373728E-03 ZZ -1.130913E-04 XY  1.612049E-03 XZ -5.875455E-03 YZ -5.174526E-03

 TENSOR IN PRINCIPAL AXIS SYSTEM
 AA  8.830220E-03 BB -1.681783E-03 CC -7.148438E-03

 PRINCIPAL AXES
         X             Y             Z
 A  6.195898E-01  4.306649E-01 -6.562288E-01
 B -6.764134E-01  7.170975E-01 -1.680360E-01
 C  3.982128E-01  5.479953E-01  7.356138E-01

 ANGLES BETWEEN PRINCIPAL AXES AND ORIGINAL AXES (DEGREES)
         X             Y             Z
 A     51.713816     64.490236    131.012891
 B    132.564003     44.184637     99.673649
 C     66.533499     56.770407     42.640894


 POINT   ATOM  MASS NO  NUCLEAR G FACTOR
    2    2 O      17      -0.7575220

 TENSOR IN ORIGINAL CARTESIAN AXES
 XX -7.951202E-03 YY -1.262629E-02 ZZ  2.057749E-02 XY -1.192148E-02 XZ  1.910462E-03 YZ  1.539757E-02

 TENSOR IN PRINCIPAL AXIS SYSTEM
 AA -5.260238E-04 BB -2.630178E-02 CC  2.682781E-02

 PRINCIPAL AXES
         X             Y             Z
 A  8.357249E-01 -4.768875E-01  2.722906E-01
 B  5.431542E-01  7.908937E-01 -2.819054E-01
 C -8.091578E-02  3.834911E-01  9.199930E-01

 ANGLES BETWEEN PRINCIPAL AXES AND ORIGINAL AXES (DEGREES)
         X             Y             Z
 A     33.308601    118.482315     74.199384
 B     57.101383     37.730889    106.373956
 C     94.641207     67.449901     23.074935


 POINT   ATOM  MASS NO  NUCLEAR G FACTOR
    3    3 O      17      -0.7575220

 TENSOR IN ORIGINAL CARTESIAN AXES
 XX  5.783067E-02 YY -2.632134E-03 ZZ -5.519854E-02 XY  3.782539E-02 XZ -6.374974E-02 YZ  8.051453E-02

 TENSOR IN PRINCIPAL AXIS SYSTEM
 AA  8.655961E-02 BB  5.448036E-02 CC -1.410400E-01

 PRINCIPAL AXES
         X             Y             Z
 A  9.186078E-01  3.418494E-02 -3.936890E-01
 B  1.866685E-01  8.405561E-01  5.085473E-01
 C  3.483023E-01 -5.406449E-01  7.657601E-01

 ANGLES BETWEEN PRINCIPAL AXES AND ORIGINAL AXES (DEGREES)
         X             Y             Z
 A     23.276602     88.040965    113.184236
 B     79.241576     32.801114     59.432885
 C     69.616486    122.727549     40.025335


 POINT   ATOM  MASS NO  NUCLEAR G FACTOR
    4    4 O      17      -0.7575220

 TENSOR IN ORIGINAL CARTESIAN AXES
 XX  7.221001E-02 YY  1.881227E-02 ZZ -9.102228E-02 XY  6.596040E-02 XZ -7.928574E-02 YZ  1.132574E-01

 TENSOR IN PRINCIPAL AXIS SYSTEM
 AA  1.167512E-01 BB  8.363753E-02 CC -2.003887E-01

 PRINCIPAL AXES
         X             Y             Z
 A  8.463187E-01  5.316442E-01 -3.315327E-02
 B -4.000061E-01  6.753998E-01  6.195404E-01
 C  3.517667E-01 -5.110671E-01  7.842644E-01

 ANGLES BETWEEN PRINCIPAL AXES AND ORIGINAL AXES (DEGREES)
         X             Y             Z
 A     32.186502     57.883386     91.899890
 B    113.578557     47.514795     51.717424
 C     69.404585    120.734933     38.347307


 POINT   ATOM  MASS NO  NUCLEAR G FACTOR
    5    5 O      17      -0.7575220

 TENSOR IN ORIGINAL CARTESIAN AXES
 XX  2.974678E-02 YY -6.315924E-02 ZZ  3.341245E-02 XY  3.537724E-02 XZ  9.508314E-03 YZ -3.146892E-02

 TENSOR IN PRINCIPAL AXIS SYSTEM
 AA  4.102654E-02 BB -8.427096E-02 CC  4.324442E-02

 PRINCIPAL AXES
         X             Y             Z
 A  8.419910E-01  1.275761E-01  5.241902E-01
 B -3.058109E-01  9.133207E-01  2.689330E-01
 C -4.444444E-01 -3.867423E-01  8.080220E-01

 ANGLES BETWEEN PRINCIPAL AXES AND ORIGINAL AXES (DEGREES)
         X             Y             Z
 A     32.649030     82.670451     58.386253
 B    107.806954     24.031639     74.399214
 C    116.387795    112.751946     36.096873


 POINT   ATOM  MASS NO  NUCLEAR G FACTOR
    6    6 O      17      -0.7575220

 TENSOR IN ORIGINAL CARTESIAN AXES
 XX -4.252544E-02 YY -4.143465E-02 ZZ  8.396010E-02 XY  1.243614E-03 XZ -1.965463E-02 YZ  4.343450E-03

 TENSOR IN PRINCIPAL AXIS SYSTEM
 AA -4.626220E-02 BB -4.081297E-02 CC  8.707517E-02

 PRINCIPAL AXES
         X             Y             Z
 A  9.161067E-01 -3.715501E-01  1.506620E-01
 B  3.719932E-01  9.278629E-01  2.629783E-02
 C -1.495646E-01  3.195359E-02  9.882355E-01

 ANGLES BETWEEN PRINCIPAL AXES AND ORIGINAL AXES (DEGREES)
         X             Y             Z
 A     23.636612    111.811246     81.334710
 B     68.161407     21.895910     88.493071
 C     98.601695     88.168882      8.797334


 POINT   ATOM  MASS NO  NUCLEAR G FACTOR
    7    7 O      17      -0.7575220

 TENSOR IN ORIGINAL CARTESIAN AXES
 XX -8.090382E-03 YY -1.039001E-02 ZZ  1.848039E-02 XY  2.621266E-04 XZ  7.784962E-04 YZ  1.279197E-02

 TENSOR IN PRINCIPAL AXIS SYSTEM
 AA -8.111675E-03 BB -1.524249E-02 CC  2.335417E-02

 PRINCIPAL AXES
         X             Y             Z
 A  9.996500E-01 -1.332154E-02 -2.285688E-02
 B  4.347987E-03  9.349505E-01 -3.547515E-01
 C  2.609589E-02  3.545280E-01  9.346812E-01

 ANGLES BETWEEN PRINCIPAL AXES AND ORIGINAL AXES (DEGREES)
         X             Y             Z
 A      1.515973     90.763290     91.309717
 B     89.750878     20.779849    110.778217
 C     88.504646     69.235482     20.823301


 POINT   ATOM  MASS NO  NUCLEAR G FACTOR
    8    8 O      17      -0.7575220

 TENSOR IN ORIGINAL CARTESIAN AXES
 XX -2.112907E-03 YY  3.613511E-03 ZZ -1.500604E-03 XY -1.696221E-05 XZ  1.537915E-03 YZ -1.333416E-03

 TENSOR IN PRINCIPAL AXIS SYSTEM
 AA -3.477485E-03 BB  3.965987E-03 CC -4.885024E-04

 PRINCIPAL AXES
         X             Y             Z
 A  7.417255E-01 -1.222347E-01 -6.594709E-01
 B -6.700082E-02  9.648303E-01 -2.541916E-01
 C  6.673486E-01  2.327255E-01  7.074494E-01

 ANGLES BETWEEN PRINCIPAL AXES AND ORIGINAL AXES (DEGREES)
         X             Y             Z
 A     42.121388     97.021094    131.259536
 B     93.841742     15.240637    104.725692
 C     48.137244     76.542412     44.972229


 POINT   ATOM  MASS NO  NUCLEAR G FACTOR
    9    9 O      17      -0.7575220

 TENSOR IN ORIGINAL CARTESIAN AXES
 XX -3.135641E-02 YY -6.389266E-02 ZZ  9.524908E-02 XY -5.966021E-02 XZ  1.180206E-01 YZ -8.984664E-02

 TENSOR IN PRINCIPAL AXIS SYSTEM
 AA -9.902896E-02 BB -1.094651E-01 CC  2.084941E-01

 PRINCIPAL AXES
         X             Y             Z
 A  6.231406E-01 -4.934868E-01 -6.067673E-01
 B  6.154546E-01  7.881218E-01 -8.920881E-03
 C  4.826089E-01 -3.678788E-01  7.948295E-01

 ANGLES BETWEEN PRINCIPAL AXES AND ORIGINAL AXES (DEGREES)
         X             Y             Z
 A     51.454155    119.570016    127.356122
 B     52.015037     37.989662     90.511136
 C     61.144069    111.584855     37.360849


 POINT   ATOM  MASS NO  NUCLEAR G FACTOR
   10   10 O      17      -0.7575220

 TENSOR IN ORIGINAL CARTESIAN AXES
 XX  2.083226E-02 YY  1.802252E-02 ZZ -3.885479E-02 XY  4.717999E-04 XZ  4.436374E-03 YZ  7.313741E-03

 TENSOR IN PRINCIPAL AXIS SYSTEM
 AA  2.154432E-02 BB  1.854543E-02 CC -4.008975E-02

 PRINCIPAL AXES
         X             Y             Z
 A  9.281362E-01  3.552465E-01  1.111894E-01
 B -3.653849E-01  9.265136E-01  8.981317E-02
 C -7.111268E-02 -1.239858E-01  9.897325E-01

 ANGLES BETWEEN PRINCIPAL AXES AND ORIGINAL AXES (DEGREES)
         X             Y             Z
 A     21.853876     69.191446     83.616116
 B    111.431275     22.102290     84.847141
 C     94.077898     97.122190      8.217531


 POINT   ATOM  MASS NO  NUCLEAR G FACTOR
   11   11 O      17      -0.7575220

 TENSOR IN ORIGINAL CARTESIAN AXES
 XX  3.211921E-03 YY -1.039337E-03 ZZ -2.172585E-03 XY -1.522301E-03 XZ  1.882979E-03 YZ  5.409820E-04

 TENSOR IN PRINCIPAL AXIS SYSTEM
 AA  4.135137E-03 BB -8.887787E-04 CC -3.246358E-03

 PRINCIPAL AXES
         X             Y             Z
 A  9.339426E-01 -2.478348E-01  2.575446E-01
 B  9.159736E-02  8.624549E-01  4.977765E-01
 C -3.454869E-01 -4.413042E-01  8.281844E-01

 ANGLES BETWEEN PRINCIPAL AXES AND ORIGINAL AXES (DEGREES)
         X             Y             Z
 A     20.942026    104.349422     75.075583
 B     84.744491     30.406650     60.146998
 C    110.211523    116.187126     34.087321


 POINT   ATOM  MASS NO  NUCLEAR G FACTOR
   12   12 O      17      -0.7575220

 TENSOR IN ORIGINAL CARTESIAN AXES
 XX -1.954956E-04 YY -1.947429E-03 ZZ  2.142924E-03 XY -5.458541E-03 XZ -3.885347E-03 YZ  3.397661E-03

 TENSOR IN PRINCIPAL AXIS SYSTEM
 AA  8.589112E-03 BB -6.600520E-03 CC -1.988591E-03

 PRINCIPAL AXES
         X             Y             Z
 A  5.923513E-01 -5.084152E-01 -6.250071E-01
 B  6.449552E-01  7.641504E-01 -1.034493E-02
 C  4.828589E-01 -3.969737E-01  7.805505E-01

 ANGLES BETWEEN PRINCIPAL AXES AND ORIGINAL AXES (DEGREES)
         X             Y             Z
 A     53.675956    120.558326    128.682708
 B     49.837687     40.168533     90.592731
 C     61.127709    113.389126     38.688991


 POINT   ATOM  MASS NO  NUCLEAR G FACTOR
   13   13 O      17      -0.7575220

 TENSOR IN ORIGINAL CARTESIAN AXES
 XX  7.029181E-03 YY  8.103352E-03 ZZ -1.513253E-02 XY -4.803374E-02 XZ -5.953772E-02 YZ -6.269998E-02

 TENSOR IN PRINCIPAL AXIS SYSTEM
 AA -1.151649E-01 BB  5.474025E-02 CC  6.042470E-02

 PRINCIPAL AXES
         X             Y             Z
 A  5.306094E-01  5.393527E-01  6.538749E-01
 B -8.345323E-01  4.674448E-01  2.916354E-01
 C -1.483561E-01 -7.004242E-01  6.981379E-01

 ANGLES BETWEEN PRINCIPAL AXES AND ORIGINAL AXES (DEGREES)
         X             Y             Z
 A     57.953363     57.360413     49.165609
 B    146.567170     62.131439     73.044112
 C     98.531671    134.461044     45.722205


 POINT   ATOM  MASS NO  NUCLEAR G FACTOR
   14   14 O      17      -0.7575220

 TENSOR IN ORIGINAL CARTESIAN AXES
 XX  1.297399E-01 YY -1.003875E-01 ZZ -2.935237E-02 XY -2.825507E-03 XZ -8.877955E-03 YZ -1.976252E-01

 TENSOR IN PRINCIPAL AXIS SYSTEM
 AA  1.270742E-01 BB -2.658177E-01 CC  1.387435E-01

 PRINCIPAL AXES
         X             Y             Z
 A  8.705577E-01 -3.288455E-01  3.660464E-01
 B  1.987719E-02  7.667907E-01  6.415893E-01
 C -4.916648E-01 -5.512645E-01  6.740721E-01

 ANGLES BETWEEN PRINCIPAL AXES AND ORIGINAL AXES (DEGREES)
         X             Y             Z
 A     29.476492    109.198719     68.528005
 B     88.861046     39.933431     50.089567
 C    119.450062    123.453807     47.617866


 POINT   ATOM  MASS NO  NUCLEAR G FACTOR
   15   15 O      17      -0.7575220

 TENSOR IN ORIGINAL CARTESIAN AXES
 XX  4.298074E-02 YY  1.083656E-01 ZZ -1.513463E-01 XY -3.845355E-02 XZ -1.734334E-01 YZ  6.210022E-03

 TENSOR IN PRINCIPAL AXIS SYSTEM
 AA  1.672083E-01 BB  8.632374E-02 CC -2.535321E-01

 PRINCIPAL AXES
         X             Y             Z
 A  7.413978E-01 -5.281866E-01 -4.139422E-01
 B  4.381505E-01  8.482209E-01 -2.975658E-01
 C  5.082847E-01  3.924564E-02  8.602944E-01

 ANGLES BETWEEN PRINCIPAL AXES AND ORIGINAL AXES (DEGREES)
         X             Y             Z
 A     42.149374    121.883013    114.452721
 B     64.014062     31.981312    107.311459
 C     59.450356     87.750813     30.650348


 POINT   ATOM  MASS NO  NUCLEAR G FACTOR
   16   16 O      17      -0.7575220

 TENSOR IN ORIGINAL CARTESIAN AXES
 XX -1.291418E-03 YY  1.014864E-03 ZZ  2.765543E-04 XY -1.104364E-03 XZ -4.438751E-04 YZ -9.232622E-04

 TENSOR IN PRINCIPAL AXIS SYSTEM
 AA -2.001957E-03 BB  1.807378E-03 CC  1.945793E-04

 PRINCIPAL AXES
         X             Y             Z
 A  8.483142E-01  4.122378E-01  3.322996E-01
 B -2.423318E-01  8.602660E-01 -4.485730E-01
 C -4.707848E-01  3.000041E-01  8.296742E-01

 ANGLES BETWEEN PRINCIPAL AXES AND ORIGINAL AXES (DEGREES)
         X             Y             Z
 A     31.971215     65.654515     70.591589
 B    104.024206     30.653538    116.652164
 C    118.085249     72.542153     33.934716


 POINT   ATOM  MASS NO  NUCLEAR G FACTOR
   17   17 O      17      -0.7575220

 TENSOR IN ORIGINAL CARTESIAN AXES
 XX  3.086737E-03 YY -3.016290E-03 ZZ -7.044683E-05 XY  2.736296E-03 XZ -4.193192E-04 YZ -2.244375E-03

 TENSOR IN PRINCIPAL AXIS SYSTEM
 AA  4.480809E-03 BB -4.878127E-03 CC  3.973180E-04

 PRINCIPAL AXES
         X             Y             Z
 A  8.723646E-01  4.017692E-01 -2.784988E-01
 B -2.815542E-01  8.786477E-01  3.856234E-01
 C  3.996339E-01 -2.579917E-01  8.796210E-01

 ANGLES BETWEEN PRINCIPAL AXES AND ORIGINAL AXES (DEGREES)
         X             Y             Z
 A     29.265407     66.311176    106.170628
 B    106.352986     28.520333     67.317553
 C     66.444706    104.950929     28.403326


 POINT   ATOM  MASS NO  NUCLEAR G FACTOR
   18   18 O      17      -0.7575220

 TENSOR IN ORIGINAL CARTESIAN AXES
 XX  2.318373E-04 YY -3.276127E-03 ZZ  3.044290E-03 XY -4.210214E-04 XZ  2.263955E-03 YZ -1.219329E-03

 TENSOR IN PRINCIPAL AXIS SYSTEM
 AA -1.007463E-03 BB -3.503201E-03 CC  4.510664E-03

 PRINCIPAL AXES
         X             Y             Z
 A  8.805753E-01  8.696479E-02 -4.658587E-01
 B -1.969291E-04  9.830856E-01  1.831466E-01
 C  4.739063E-01 -1.611826E-01  8.656980E-01

 ANGLES BETWEEN PRINCIPAL AXES AND ORIGINAL AXES (DEGREES)
         X             Y             Z
 A     28.288165     85.010982    117.765810
 B     90.011283     10.553099     79.446908
 C     61.711838     99.275545     30.037498


 POINT   ATOM  MASS NO  NUCLEAR G FACTOR
   19   19 O      17      -0.7575220

 TENSOR IN ORIGINAL CARTESIAN AXES
 XX -3.980658E-03 YY  3.442436E-03 ZZ  5.382219E-04 XY  1.119461E-03 XZ  5.398444E-03 YZ  2.380858E-03

 TENSOR IN PRINCIPAL AXIS SYSTEM
 AA -7.587759E-03 BB  1.171447E-03 CC  6.416312E-03

 PRINCIPAL AXES
         X             Y             Z
 A  8.273392E-01  3.701238E-02 -5.604819E-01
 B -3.933049E-01  7.505661E-01 -5.310007E-01
 C  4.010251E-01  6.597580E-01  6.355299E-01

 ANGLES BETWEEN PRINCIPAL AXES AND ORIGINAL AXES (DEGREES)
         X             Y             Z
 A     34.173630     87.878863    124.089131
 B    113.160296     41.360561    122.073096
 C     66.357721     48.718581     50.540703


 POINT   ATOM  MASS NO  NUCLEAR G FACTOR
   20   20 O      17      -0.7575220

 TENSOR IN ORIGINAL CARTESIAN AXES
 XX  7.942897E-03 YY  7.633111E-03 ZZ -1.557601E-02 XY -3.050673E-03 XZ -1.162138E-02 YZ -2.029993E-03

 TENSOR IN PRINCIPAL AXIS SYSTEM
 AA  1.347192E-02 BB  7.204895E-03 CC -2.067682E-02

 PRINCIPAL AXES
         X             Y             Z
 A  8.793475E-01 -3.455250E-01 -3.276591E-01
 B  2.818007E-01  9.322746E-01 -2.268314E-01
 C  3.838442E-01  1.071291E-01  9.171625E-01

 ANGLES BETWEEN PRINCIPAL AXES AND ORIGINAL AXES (DEGREES)
         X             Y             Z
 A     28.436251    110.213845    109.126757
 B     73.632293     21.207800    103.110596
 C     67.427994     83.850156     23.485283


 POINT   ATOM  MASS NO  NUCLEAR G FACTOR
   21   21 O      17      -0.7575220

 TENSOR IN ORIGINAL CARTESIAN AXES
 XX -1.412783E-01 YY  6.719384E-02 ZZ  7.408445E-02 XY -6.140467E-02 XZ  6.978210E-02 YZ  2.224667E-02

 TENSOR IN PRINCIPAL AXIS SYSTEM
 AA -1.791675E-01 BB  8.319804E-02 CC  9.596947E-02

 PRINCIPAL AXES
         X             Y             Z
 A  9.259882E-01  2.558692E-01 -2.776272E-01
 B -3.227571E-01  9.179951E-01 -2.304623E-01
 C  1.958922E-01  3.030115E-01  9.326362E-01

 ANGLES BETWEEN PRINCIPAL AXES AND ORIGINAL AXES (DEGREES)
         X             Y             Z
 A     22.182163     75.174905    106.118641
 B    108.829745     23.365283    103.324288
 C     78.703150     72.361430     21.150449


 POINT   ATOM  MASS NO  NUCLEAR G FACTOR
   22   22 O      17      -0.7575220

 TENSOR IN ORIGINAL CARTESIAN AXES
 XX -7.305986E-03 YY  3.148631E-03 ZZ  4.157355E-03 XY  1.290563E-02 XZ  5.555508E-03 YZ  2.111513E-02

 TENSOR IN PRINCIPAL AXIS SYSTEM
 AA -2.049625E-02 BB  2.944403E-02 CC -8.947783E-03

 PRINCIPAL AXES
         X             Y             Z
 A  4.875329E-01 -7.143731E-01  5.019788E-01
 B  3.380269E-01  6.845346E-01  6.458716E-01
 C -8.050152E-01 -1.452014E-01  5.752105E-01

 ANGLES BETWEEN PRINCIPAL AXES AND ORIGINAL AXES (DEGREES)
         X             Y             Z
 A     60.821442    135.591846     59.868998
 B     70.243291     46.800982     49.768941
 C    143.611721     98.348939     54.885624


 POINT   ATOM  MASS NO  NUCLEAR G FACTOR
   23   23 O      17      -0.7575220

 TENSOR IN ORIGINAL CARTESIAN AXES
 XX -1.073639E-03 YY -2.864062E-05 ZZ  1.102280E-03 XY -2.978918E-04 XZ -1.257290E-03 YZ -8.058870E-04

 TENSOR IN PRINCIPAL AXIS SYSTEM
 AA -1.860903E-03 BB -2.140135E-05 CC  1.882304E-03

 PRINCIPAL AXES
         X             Y             Z
 A  8.331749E-01  3.304797E-01  4.433990E-01
 B -4.333384E-01  8.882863E-01  1.522017E-01
 C -3.435657E-01 -3.189524E-01  8.833074E-01

 ANGLES BETWEEN PRINCIPAL AXES AND ORIGINAL AXES (DEGREES)
         X             Y             Z
 A     33.573725     70.702105     63.679046
 B    115.679609     27.341315     81.245462
 C    110.094265    108.599583     27.956056


 POINT   ATOM  MASS NO  NUCLEAR G FACTOR
   24   24 O      17      -0.7575220

 TENSOR IN ORIGINAL CARTESIAN AXES
 XX -1.126513E-02 YY  4.797802E-03 ZZ  6.467330E-03 XY  5.255523E-03 XZ -2.649667E-03 YZ  1.092764E-03

 TENSOR IN PRINCIPAL AXIS SYSTEM
 AA -1.324441E-02 BB  6.236352E-03 CC  7.008056E-03

 PRINCIPAL AXES
         X             Y             Z
 A  9.478402E-01 -2.847697E-01  1.431962E-01
 B  3.186449E-01  8.578515E-01 -4.031826E-01
 C -8.026914E-03  4.277814E-01  9.038466E-01

 ANGLES BETWEEN PRINCIPAL AXES AND ORIGINAL AXES (DEGREES)
         X             Y             Z
 A     18.587101    106.545086     81.767158
 B     71.419009     30.923798    113.777290
 C     90.459913     64.673154     25.331619


 POINT   ATOM  MASS NO  NUCLEAR G FACTOR
   25   25 O      17      -0.7575220

 TENSOR IN ORIGINAL CARTESIAN AXES
 XX -5.359833E-03 YY  5.014262E-03 ZZ  3.455711E-04 XY -1.216802E-03 XZ -8.253071E-03 YZ -3.559665E-04

 TENSOR IN PRINCIPAL AXIS SYSTEM
 AA -1.132713E-02 BB  4.965329E-03 CC  6.361805E-03

 PRINCIPAL AXES
         X             Y             Z
 A  8.132831E-01  7.313251E-02  5.772540E-01
 B  1.245190E-01  9.472132E-01 -2.954354E-01
 C -5.683885E-01  3.121517E-01  7.612462E-01

 ANGLES BETWEEN PRINCIPAL AXES AND ORIGINAL AXES (DEGREES)
         X             Y             Z
 A     35.582045     85.806072     54.742367
 B     82.847021     18.699471    107.183650
 C    124.637931     71.811047     40.425818


 POINT   ATOM  MASS NO  NUCLEAR G FACTOR
   26   26 O      17      -0.7575220

 TENSOR IN ORIGINAL CARTESIAN AXES
 XX -1.505339E-02 YY  8.754204E-03 ZZ  6.299184E-03 XY  1.805410E-03 XZ  1.819445E-03 YZ  1.649743E-03

 TENSOR IN PRINCIPAL AXIS SYSTEM
 AA -1.532246E-02 BB  9.821866E-03 CC  5.500595E-03

 PRINCIPAL AXES
         X             Y             Z
 A  9.945166E-01 -6.920215E-02 -7.840763E-02
 B  9.780508E-02  8.809117E-01  4.630644E-01
 C  3.702514E-02 -4.681939E-01  8.828497E-01

 ANGLES BETWEEN PRINCIPAL AXES AND ORIGINAL AXES (DEGREES)
         X             Y             Z
 A      6.002891     93.968163     94.497042
 B     84.387209     28.247458     62.414972
 C     87.878131    117.917125     28.011946


 POINT   ATOM  MASS NO  NUCLEAR G FACTOR
   27   27 O      17      -0.7575220

 TENSOR IN ORIGINAL CARTESIAN AXES
 XX -1.547892E-03 YY  1.259140E-03 ZZ  2.887514E-04 XY  2.169096E-03 XZ  3.590788E-03 YZ  4.833335E-03

 TENSOR IN PRINCIPAL AXIS SYSTEM
 AA -2.560538E-03 BB  7.450762E-03 CC -4.890224E-03

 PRINCIPAL AXES
         X             Y             Z
 A  7.314327E-01 -6.550721E-01  1.894380E-01
 B  4.121137E-01  6.459724E-01  6.425589E-01
 C -5.432941E-01 -3.919186E-01  7.424495E-01

 ANGLES BETWEEN PRINCIPAL AXES AND ORIGINAL AXES (DEGREES)
         X             Y             Z
 A     42.993364    130.925119     79.080013
 B     65.662315     49.761379     50.017103
 C    122.908168    113.073933     42.059502


 POINT   ATOM  MASS NO  NUCLEAR G FACTOR
   28   28 O      17      -0.7575220

 TENSOR IN ORIGINAL CARTESIAN AXES
 XX -8.151303E-04 YY  3.268496E-04 ZZ  4.882807E-04 XY -6.897548E-04 XZ -2.061860E-03 YZ -7.738057E-04

 TENSOR IN PRINCIPAL AXIS SYSTEM
 AA -2.669903E-03 BB  6.389897E-04 CC  2.030913E-03

 PRINCIPAL AXES
         X             Y             Z
 A  7.549603E-01  3.213696E-01  5.716262E-01
 B -3.461109E-01  9.356593E-01 -6.891297E-02
 C -5.569939E-01 -1.458195E-01  8.176151E-01

 ANGLES BETWEEN PRINCIPAL AXES AND ORIGINAL AXES (DEGREES)
         X             Y             Z
 A     40.978097     71.254227     55.136298
 B    110.249624     20.665085     93.951554
 C    123.848157     98.384737     35.153233


 POINT   ATOM  MASS NO  NUCLEAR G FACTOR
   29   29 O      17      -0.7575220

 TENSOR IN ORIGINAL CARTESIAN AXES
 XX  3.083508E-03 YY -4.641039E-03 ZZ  1.557530E-03 XY -3.788229E-04 XZ  5.879294E-04 YZ  2.735874E-03

 TENSOR IN PRINCIPAL AXIS SYSTEM
 AA  3.347570E-03 BB -5.711864E-03 CC  2.364294E-03

 PRINCIPAL AXES
         X             Y             Z
