
         
 *******************************************************************************
 *                                                                             *
 *                                CRYSTAL09                                    *
 *                              public : 2.0                                   *
 *                      December 10th, 2012 - sequential executable            *
 *                                                                             *
 *                                                                             *
 *                                                                             *
 *                              MAIN AUTHORS                                   *
 *                                                                             *
 *    R. DOVESI(1,10), V.R. SAUNDERS(2), C. ROETTI(1,10), R. ORLANDO (1,3),    *
 *  C.M. ZICOVICH-WILSON(1,4), F. PASCALE(5), B. CIVALLERI(1,10), K. DOLL(6),  *
 *       N.M. HARRISON(2,7), I. J. BUSH(2), Ph. D'ARCO(8), M. LLUNELL(9)       *
 *                                                                             *
 * (1) THEORETICAL CHEMISTRY GROUP - UNIVERSITA' DI TORINO - TORINO (ITALY)    *
 *      http://www.crystal.unito.it                                            *
 * (2) COMPUTATIONAL SCIENCE & ENGINEERING DEPARTMENT - CCLRC DARESBURY (UK)   *
 *     http://www.cse.clrc.ac.uk/cmg/CRYSTAL/                                  *
 * (3) UNIVERSITA' DEL PIEMONTE ORIENTALE - ALESSANDRIA (ITALY)                *
 * (4) UNIVERSIDAD AUTONOMA DEL ESTADO DE MORELOS - CUERNAVACA (MEXICO)        *
 * (5) UNIVERSITE' HENRI POINCARE' - NANCY (FRANCE)                            *
 * (6) MPI FUER FESTKOERPERFORSCHUNG - STUTTGART (GERMANY)                     *
 * (7) IMPERIAL COLLEGE - LONDON (UK)                                          *
 * (8) UNIVERSITE' PIERRE ET MARIE CURIE - PARIS (FRANCE)                      *
 * (9) UNIVERSIDAD DE BARCELONA - BARCELONA (SPAIN)                            *
 *(10) NIS - NANOSTRUCTURED INTERFACES AND SURFACES - TORINO (ITALY)           *
 *     http://www.crystal.unito.it                                             *
 *******************************************************************************
 EEEEEEEEEE STARTING  DATE 11 05 2015 TIME 10:58:01.8

 *******************************************************************************
 Created with astools                                                            
 CRYSTAL - PROPERTIES - TYPE OF CALCULATION :  UNRESTRICTED OPEN SHELL
 *******************************************************************************
 SPIN POLARIZED SYSTEM: SUMMED SPIN DENSITY    0.00000000

 KOHN-SHAM HAMILTONIAN

 (EXCHANGE)[CORRELATION] FUNCTIONAL:(BECKE)[LEE-YANG-PARR]

 NON-LOCAL WEIGHTING FACTOR (EXCHANGE) =           0.9000
 NON-LOCAL WEIGHTING FACTOR [CORRELATION] =        0.8100

 HYBRID EXCHANGE - PERCENTAGE OF FOCK EXCHANGE     5.0000

 SPIN POLARIZED DFT SELECTED

 DIRECT LATTICE VECTOR COMPONENTS (ANGSTROM)
        10.48610    0.00000    0.00000
         0.00000   10.85380    0.00000
         0.00000    0.00000   22.52820

 LATTICE PARAMETERS  (ANGSTROM AND DEGREES) - PRIMITIVE CELL
       A          B          C         ALPHA      BETA     GAMMA        VOLUME
   10.48610   10.85380   22.52820     47.6259   47.6259   47.6259    2564.02528
 *******************************************************************************
 N. OF ATOMS PER CELL      156  COULOMB OVERLAP TOL         (T1) 10** -8
 NUMBER OF SHELLS          808  COULOMB PENETRATION TOL     (T2) 10** -8
 NUMBER OF AO             2856  EXCHANGE OVERLAP TOL        (T3) 10** -8
 N. OF ELECTRONS PER CELL 1800  EXCHANGE PSEUDO OVP (F(G))  (T4) 10** -8
 CORE ELECTRONS PER CELL  1048  EXCHANGE PSEUDO OVP (P(G))  (T5) 10**-16
 N. OF SYMMETRY OPERATORS    1  POLE ORDER IN MONO ZONE                4
 *******************************************************************************
   ATOM N.AT.  SHELL    X(A)      Y(A)      Z(A)      EXAD       N.ELECT.
 *******************************************************************************
    1    8 O     4     1.127    -0.107     1.874   1.900E-01       8.639
    2    8 O     4     0.814    -4.655     1.093   1.900E-01       8.780
    3    8 O     4    -4.290     0.462     1.581   1.900E-01       8.713
    4    8 O     4    -4.759    -4.617     1.815   1.900E-01       8.602
    5    8 O     4    -5.236    -2.128     0.695   1.900E-01       8.594
    6    8 O     4    -4.921     4.249     0.147   1.900E-01       8.769
    7    8 O     4    -2.049    -3.921    -0.027   1.900E-01       8.654
    8    8 O     4     2.849    -1.062     0.088   1.900E-01       8.623
    9    8 O     4     1.739     4.688   -10.324   1.900E-01       8.565
   10    8 O     4     1.933    -0.531    -9.967   1.900E-01       8.687
   11    8 O     4    -4.250     4.584   -10.706   1.900E-01       8.706
   12    8 O     4    -3.360    -0.557   -10.212   1.900E-01       8.683
   13    8 O     4    -1.361     4.246   -10.454   1.900E-01       8.513
   14    8 O     4     5.095     3.242    -7.345   1.900E-01       8.692
   15    8 O     4    -3.156     5.273    -8.810   1.900E-01       8.760
   16    8 O     4    -4.944    -3.628    -9.246   1.900E-01       8.540
   17    8 O     4     3.728     3.089    -9.522   1.900E-01       8.574
   18    8 O     4    -3.194     2.286   -10.583   1.900E-01       8.547
   19    8 O     4    -0.038     1.424    -9.390   1.900E-01       8.729
   20    8 O     4     1.269    -3.767    -9.113   1.900E-01       8.627
   21    8 O     4     0.060    -2.076    -7.499   1.900E-01       8.730
   22    8 O     4    -2.236    -2.462    -8.882   1.900E-01       8.766
   23    8 O     4    -5.056    -1.071    -8.263   1.900E-01       8.664
   24    8 O     4     3.386     1.134    -7.881   1.900E-01       8.681
   25    8 O     4     2.544    -1.491    -3.884   1.900E-01       8.650
   26    8 O     4     2.477     3.726    -7.190   1.900E-01       8.727
   27    8 O     4     1.872     3.013    -2.684   1.900E-01       8.648
   28    8 O     4     1.650    -4.357    -6.609   1.900E-01       8.652
   29    8 O     4     3.498     0.931    -3.441   1.900E-01       8.608
   30    8 O     4    -3.542     1.718    -5.728   1.900E-01       8.587
   31    8 O     4     1.744    -3.940    -1.374   1.900E-01       8.648
   32    8 O     4    -1.808     1.065    -3.835   1.900E-01       8.592
   33    8 O     4     4.535     5.032    -2.051   1.900E-01       8.717
   34    8 O     4     2.691    -5.070    -3.756   1.900E-01       8.657
   35    8 O     4     0.079    -1.242    -5.027   1.900E-01       8.644
   36    8 O     4    -0.446    -2.137     1.244   1.900E-01       8.616
   37    8 O     4     1.255     0.261    -6.847   1.900E-01       8.559
   38    8 O     4    -1.698     5.230    -4.662   1.900E-01       8.616
   39    8 O     4     5.016    -3.908    -3.853   1.900E-01       8.563
   40    8 O     4    -2.972    -0.887    -4.925   1.900E-01       8.579
   41    8 O     4     5.081     0.021    -0.989   1.900E-01       8.696
   42    8 O     4     5.175    -1.241    -3.792   1.900E-01       8.549
   43    8 O     4     4.355    -2.419    -1.680   1.900E-01       8.643
   44    8 O     4    -0.845     1.106    -1.374   1.900E-01       8.613
   45    8 O     4    -3.429     1.737    -1.562   1.900E-01       8.694
   46    8 O     4    -1.566    -4.383    -7.010   1.900E-01       8.533
   47    8 O     4     0.326    -0.866    -2.521   1.900E-01       8.608
   48    8 O     4     1.849     0.948    -1.288   1.900E-01       8.574
   49    8 O     4     3.537    -4.040     0.433   1.900E-01       8.713
   50    8 O     4     0.371     5.189    -2.773   1.900E-01       8.603
   51    8 O     4     0.938     3.714    -4.994   1.900E-01       8.609
   52    8 O     4    -1.101     3.294    -2.831   1.900E-01       8.835
   53    8 O     4    -1.331     0.371    -6.505   1.900E-01       8.609
   54    8 O     4     3.784    -0.199    -5.788   1.900E-01       8.561
   55    8 O     4     4.864     4.411    -4.709   1.900E-01       8.717
   56    8 O     4    -3.888    -3.048    -6.747   1.900E-01       8.568
   57    8 O     4    -0.761     4.007    -7.018   1.900E-01       8.721
   58    8 O     4    -3.416     3.442    -3.720   1.900E-01       8.730
   59    8 O     4     2.647    -1.843    -7.483   1.900E-01       8.713
   60    8 O     4    -3.602    -2.934    -2.256   1.900E-01       8.585
   61    8 O     4    -2.743    -5.413    -2.054   1.900E-01       8.636
   62    8 O     4     0.696    -3.288    -3.678   1.900E-01       8.538
   63    8 O     4    -3.466     4.385    -6.290   1.900E-01       8.899
   64    8 O     4     4.230     2.430    -1.464   1.900E-01       8.822
   65   14 SI    6     1.690     4.886     2.020   6.000E-01      13.656
   66   14 SI    6     5.011     1.613     1.762   6.000E-01      13.606
   67   14 SI    6     0.611     3.121     3.302   6.000E-01      14.068
   68   14 SI    6     3.759     1.014     3.668   6.000E-01      13.888
   69   14 SI    6     2.061     2.094     4.865   6.000E-01      14.015
   70   14 SI    6     4.570     4.630     4.850   6.000E-01      13.974
   71   14 SI    6     1.136    -1.310     0.656   6.000E-01      13.293
   72   14 SI    6     5.197    -3.783     0.490   6.000E-01      13.161
   73   14 SI    6     0.232    -2.598     4.039   6.000E-01      13.885
   74   14 SI    6     2.970    -5.039     3.671   6.000E-01      13.992
   75   14 SI    6     2.097    -3.437     5.037   6.000E-01      14.042
   76   14 SI    6     4.721    -0.702     4.948   6.000E-01      14.038
   77   14 SI    6    -4.076     4.689     1.561   6.000E-01      13.337
   78   14 SI    6    -0.098     1.119     1.881   6.000E-01      13.621
   79   14 SI    6    -4.770     3.032     3.543   6.000E-01      14.168
   80   14 SI    6    -1.899     0.372     3.516   6.000E-01      14.132
   81   14 SI    6    -3.120     1.932     4.844   6.000E-01      13.954
   82   14 SI    6    -0.515     4.631     4.770   6.000E-01      13.965
   83   14 SI    6    -3.210    -0.827     1.750   6.000E-01      13.558
   84   14 SI    6    -1.076    -3.629     1.292   6.000E-01      13.059
   85   14 SI    6    -3.951    -1.583     3.792   6.000E-01      13.901
   86   14 SI    6    -1.362    -4.304     3.604   6.000E-01      14.064
   87   14 SI    6    -3.064    -3.362     4.942   6.000E-01      13.991
   88   14 SI    6    -0.652    -0.764     5.114   6.000E-01      14.007
   89   14 SI    6     0.788     0.651     6.272   6.000E-01      13.981
   90   14 SI    6     3.294     3.394     6.379   6.000E-01      13.989
   91   14 SI    6     0.692    -4.848     6.320   6.000E-01      14.032
   92   14 SI    6     3.362    -2.005     6.362   6.000E-01      13.990
   93   14 SI    6    -4.443     0.641     6.336   6.000E-01      14.009
   94   14 SI    6    -1.902     3.381     6.266   6.000E-01      13.993
   95   14 SI    6    -4.484    -4.804     6.113   6.000E-01      13.993
   96   14 SI    6    -1.891    -2.126     6.571   6.000E-01      14.025
   97   14 SI    6    -3.332    -4.135    -1.103   6.000E-01      12.965
   98   14 SI    6     1.933    -3.577     0.223   6.000E-01      13.080
   99   14 SI    6     4.329    -1.324    -0.435   6.000E-01      12.870
  100   14 SI    6     1.973     4.713     7.820   6.000E-01      14.014
  101   14 SI    6     4.657     1.996     7.629   6.000E-01      14.001
  102   14 SI    6     0.608     3.325     9.165   6.000E-01      14.027
  103   14 SI    6     3.344     0.727     9.069   6.000E-01      14.024
  104   14 SI    6     1.917     1.938    10.472   6.000E-01      14.103
  105   14 SI    6     4.474     4.606    10.267   6.000E-01      13.811
  106   14 SI    6     1.994    -0.697     7.772   6.000E-01      13.987
  107   14 SI    6     4.766    -3.426     7.562   6.000E-01      13.988
  108   14 SI    6     0.681    -2.083     9.193   6.000E-01      14.019
  109   14 SI    6     3.392    -4.642     8.963   6.000E-01      14.049
  110   14 SI    6     2.308    -3.184    10.412   6.000E-01      14.054
  111   14 SI    6     4.382    -0.828    10.397   6.000E-01      14.062
  112   14 SI    6    -3.232     4.781     7.646   6.000E-01      14.034
  113   14 SI    6    -0.586     1.971     7.664   6.000E-01      14.021
  114   14 SI    6    -4.542     3.357     8.972   6.000E-01      14.023
  115   14 SI    6    -1.857     0.604     9.185   6.000E-01      14.015
  116   14 SI    6    -2.890     2.370    10.286   6.000E-01      13.664
  117   14 SI    6    -1.237     4.087    10.389   6.000E-01      13.637
  118   14 SI    6    -3.249    -0.731     7.873   6.000E-01      13.983
  119   14 SI    6    -0.570    -3.547     7.865   6.000E-01      13.977
  120   14 SI    6    -4.596    -2.133     9.205   6.000E-01      13.997
  121   14 SI    6    -1.949    -4.843     9.243   6.000E-01      14.022
  122   14 SI    6    -3.241    -3.453    10.655   6.000E-01      14.054
  123   14 SI    6    -0.642    -0.783    10.681   6.000E-01      14.052
  124   14 SI    6     0.797     0.527   -10.582   6.000E-01      13.259
  125   14 SI    6     2.920     3.623   -10.844   6.000E-01      13.424
  126   14 SI    6     2.328    -4.568   -10.192   6.000E-01      13.474
  127   14 SI    6     3.133    -1.699   -10.396   6.000E-01      13.663
  128   14 SI    6    -4.653     0.176    -9.452   6.000E-01      13.168
  129   14 SI    6    -2.855     3.758    -9.780   6.000E-01      13.283
  130   14 SI    6    -3.989    -4.749   -10.067   6.000E-01      13.095
  131   14 SI    6    -2.302    -1.800   -10.474   6.000E-01      13.270
  132   14 SI    6     3.622     2.765    -7.944   6.000E-01      12.689
  133   14 SI    6     1.501    -3.073    -7.658   6.000E-01      12.709
  134   14 SI    6    -4.889     4.890    -7.254   6.000E-01      13.131
  135   14 SI    6    -1.035     2.441    -8.446   6.000E-01      13.046
  136   14 SI    6    -4.636    -2.596    -8.053   6.000E-01      12.923
  137   14 SI    6    -1.864    -2.787    -7.270   6.000E-01      13.237
  138   14 SI    6     2.852     1.784    -2.217   6.000E-01      12.667
  139   14 SI    6     3.785    -0.488    -4.202   6.000E-01      12.806
  140   14 SI    6    -2.465     0.610    -5.271   6.000E-01      12.838
  141   14 SI    6    -0.040    -0.649    -6.525   6.000E-01      12.993
  142   14 SI    6     1.460    -4.458    -2.868   6.000E-01      12.803
  143   14 SI    6    -2.257    -2.373    -4.970   6.000E-01      13.329
  144   14 SI    6    -5.090    -2.623    -2.927   6.000E-01      12.903
  145   14 SI    6    -1.967     1.715    -2.361   6.000E-01      12.663
  146   14 SI    6     4.020     4.264    -0.623   6.000E-01      13.166
  147   14 SI    6     0.607     3.722    -3.404   6.000E-01      12.745
  148   14 SI    6     0.951    -1.699    -3.730   6.000E-01      12.807
  149   14 SI    6    -4.911     1.566    -0.673   6.000E-01      12.881
  150   14 SI    6    -4.387     3.109    -5.057   6.000E-01      12.875
  151   14 SI    6    -1.856     5.020    -6.319   6.000E-01      12.646
  152   14 SI    6     2.815    -0.197    -7.091   6.000E-01      12.649
  153   14 SI    6     0.445     0.061    -1.157   6.000E-01      13.069
  154   14 SI    6     1.358     4.680    -6.392   6.000E-01      12.742
  155   14 SI    6     4.309    -5.375    -3.602   6.000E-01      12.758
  156   14 SI    6    -2.283     4.529    -3.309   6.000E-01      12.696
 *******************************************************************************
 DE(K)                   0.000E+00  ENERGY LEVEL SHIFTING        0.00000
 TOTAL ENERGY -3.1446685419406E+04  CONVERGENCE ON ENER        1.997E-06
 KIN. ENERGY   3.1335987652940E+04  VIR. COEFF.           1.03711251E+00
 N. OF SCF CYCLES              109  FERMI ENERGY              -0.861E-01
 WEIGHT OF F(I) IN F(I+1)      95
 SHRINK. FACT.(MONKH.)     2  2  2  SHRINKING FACTOR(GILAT NET)        2
 NUMBER OF K POINTS IN THE IBZ   8  CELL VOLUME (A.U.)       17302.90050
 *******************************************************************************

 GCALCO - MAX INDICES DIRECT LATTICE VECTOR    19    18     9
 NO.OF VECTORS CREATED 6999 STARS 1062 RMAX   306.73144 BOHR

 DIMENSIONS  P(G)= 6561008 F(G)= 1167453 P(G),F(G) (IRR) 3289156
 MAX G-VECTOR INDEX FOR 1- AND 2-ELECTRON INTEGRALS  45


 CAPPA:IS1  2;IS2  2;IS3  2; K PTS MONK NET    8; SYMMOPS: K SPACE  2;G SPACE  1


 CAPPA:IS1  6;IS2  6;IS3  3; K PTS MONK NET   56; SYMMOPS: K SPACE  2;G SPACE  1

 *******************************************************************************
 RESTART WITH NEW K POINTS NET
 *******************************************************************************
 POINTS IN THE IBZ                  56 POINTS(GILAT NET)                56
 SHRINK FACTORS(MONK.)         6  6  3 SHRINK FACTOR(GILAT)              6
 *******************************************************************************
 *** K POINTS COORDINATES (OBLIQUE COORDINATES IN UNITS OF IS =  6)
   1-R(  0  0  0)   2-C(  1  0  0)   3-C(  2  0  0)   4-R(  3  0  0)
   5-C(  0  1  0)   6-C(  1  1  0)   7-C(  2  1  0)   8-C(  3  1  0)
   9-C(  4  1  0)  10-C(  5  1  0)  11-C(  0  2  0)  12-C(  1  2  0)
  13-C(  2  2  0)  14-C(  3  2  0)  15-C(  4  2  0)  16-C(  5  2  0)
  17-R(  0  3  0)  18-C(  1  3  0)  19-C(  2  3  0)  20-R(  3  3  0)
  21-C(  0  0  1)  22-C(  1  0  1)  23-C(  2  0  1)  24-C(  3  0  1)
  25-C(  4  0  1)  26-C(  5  0  1)  27-C(  0  1  1)  28-C(  1  1  1)
  29-C(  2  1  1)  30-C(  3  1  1)  31-C(  4  1  1)  32-C(  5  1  1)
  33-C(  0  2  1)  34-C(  1  2  1)  35-C(  2  2  1)  36-C(  3  2  1)
  37-C(  4  2  1)  38-C(  5  2  1)  39-C(  0  3  1)  40-C(  1  3  1)
  41-C(  2  3  1)  42-C(  3  3  1)  43-C(  4  3  1)  44-C(  5  3  1)
  45-C(  0  4  1)  46-C(  1  4  1)  47-C(  2  4  1)  48-C(  3  4  1)
  49-C(  4  4  1)  50-C(  5  4  1)  51-C(  0  5  1)  52-C(  1  5  1)
  53-C(  2  5  1)  54-C(  3  5  1)  55-C(  4  5  1)  56-C(  5  5  1)

 FERMI ENERGY AND DENSITY MATRIX CALCULATION ON COMPUTED EIGENVECTORS
 DENSITY MATRIX AT SCF CYCLE (109+1)


    ALPHA      ELECTRONS
 INSULATING STATE
 TOP OF VALENCE BANDS -    BAND    900; K   17; EIG -8.8168315E-02 AU
 TOP OF VALENCE BANDS -    BAND    900; K    1; EIG -8.8851776E-02 AU
 BOTTOM OF VIRTUAL BANDS - BAND    901; K   40; EIG -7.5139042E-02 AU
 BOTTOM OF VIRTUAL BANDS - BAND    901; K    1; EIG -7.4453569E-02 AU

    BETA       ELECTRONS
 INSULATING STATE
 TOP OF VALENCE BANDS -    BAND    900; K   17; EIG -8.6391791E-02 AU
 TOP OF VALENCE BANDS -    BAND    900; K    1; EIG -8.8851776E-02 AU
 BOTTOM OF VIRTUAL BANDS - BAND    901; K   42; EIG -7.4701000E-02 AU
 BOTTOM OF VIRTUAL BANDS - BAND    901; K    1; EIG -7.4453569E-02 AU

 CORE DENSITY MATRIX CALCULATION
 TTTTTTTTTTTTTTTTTTTTTTTTTTTTTT NEWK        TELAPSE   125592.01 TCPU   125395.80
 TTTTTTTTTTTTTTTTTTTTTTTTTTTTTT SETPRINT    TELAPSE   125592.01 TCPU   125395.80

 *******************************************************************************
 HYPERFINE ELECTRON-NUCLEAR SPIN INTERACTION TENSOR
 ANISOTROPIC COMPONENTS - THE TENSOR IS TRACELESS
 *******************************************************************************


 POINT   ATOM  MASS NO  NUCLEAR G FACTOR
    1    1 O      17      -0.7575220

 TENSOR IN ORIGINAL CARTESIAN AXES
 XX  3.419149E-02 YY -1.627031E-02 ZZ -1.792118E-02 XY -5.231967E-03 XZ  7.200857E-03 YZ  5.105562E-02

 TENSOR IN PRINCIPAL AXIS SYSTEM
 AA  3.585875E-02 BB  3.305091E-02 CC -6.890966E-02

 PRINCIPAL AXES
         X             Y             Z
 A  8.179636E-01  3.585246E-01  4.498840E-01
 B -5.689437E-01  6.198322E-01  5.404730E-01
 C -8.507977E-02 -6.980459E-01  7.109805E-01

 ANGLES BETWEEN PRINCIPAL AXES AND ORIGINAL AXES (DEGREES)
         X             Y             Z
 A     35.118538     68.990388     63.263756
 B    124.676600     51.696115     57.284156
 C     94.880612    134.270439     44.685251


 POINT   ATOM  MASS NO  NUCLEAR G FACTOR
    2    2 O      17      -0.7575220

 TENSOR IN ORIGINAL CARTESIAN AXES
 XX -1.136553E-03 YY -5.247076E-03 ZZ  6.383629E-03 XY  1.271325E-02 XZ  2.297517E-03 YZ -1.269957E-02

 TENSOR IN PRINCIPAL AXIS SYSTEM
 AA  1.643861E-02 BB -2.088030E-02 CC  4.441688E-03

 PRINCIPAL AXES
         X             Y             Z
 A  3.560903E-01  6.188079E-01 -7.001974E-01
 B -5.294973E-01  7.510273E-01  3.944498E-01
 C  7.699560E-01  2.302929E-01  5.950907E-01

 ANGLES BETWEEN PRINCIPAL AXES AND ORIGINAL AXES (DEGREES)
         X             Y             Z
 A     69.139717     51.770867    134.442847
 B    121.971496     41.320558     66.768337
 C     39.650060     76.685683     53.480904


 POINT   ATOM  MASS NO  NUCLEAR G FACTOR
    3    3 O      17      -0.7575220

 TENSOR IN ORIGINAL CARTESIAN AXES
 XX  1.787149E-03 YY  3.735381E-03 ZZ -5.522530E-03 XY -6.244256E-04 XZ  3.919064E-03 YZ  1.947273E-03

 TENSOR IN PRINCIPAL AXIS SYSTEM
 AA  3.431164E-03 BB  4.160968E-03 CC -7.592131E-03

 PRINCIPAL AXES
         X             Y             Z
 A  8.999598E-01 -2.818453E-01  3.326192E-01
 B  1.959351E-01  9.430192E-01  2.689315E-01
 C -3.894634E-01 -1.768558E-01  9.039028E-01

 ANGLES BETWEEN PRINCIPAL AXES AND ORIGINAL AXES (DEGREES)
         X             Y             Z
 A     25.847212    106.370368     70.572173
 B     78.700644     19.435061     74.399303
 C    112.921114    100.186672     25.324086


 POINT   ATOM  MASS NO  NUCLEAR G FACTOR
    4    4 O      17      -0.7575220

 TENSOR IN ORIGINAL CARTESIAN AXES
 XX  2.389149E-04 YY -3.154242E-03 ZZ  2.915327E-03 XY  9.202705E-04 XZ -4.260099E-03 YZ -4.719852E-04

 TENSOR IN PRINCIPAL AXIS SYSTEM
 AA -2.573560E-03 BB -3.561254E-03 CC  6.134814E-03

 PRINCIPAL AXES
         X             Y             Z
 A  6.296539E-01  5.614253E-01  5.369708E-01
 B -5.019891E-01  8.215428E-01 -2.703228E-01
 C -5.929105E-01 -9.934373E-02  7.991170E-01

 ANGLES BETWEEN PRINCIPAL AXES AND ORIGINAL AXES (DEGREES)
         X             Y             Z
 A     50.975408     55.845579     57.522334
 B    120.131687     34.760470    105.683475
 C    126.363821     95.701381     36.954138


 POINT   ATOM  MASS NO  NUCLEAR G FACTOR
    5    5 O      17      -0.7575220

 TENSOR IN ORIGINAL CARTESIAN AXES
 XX -1.414784E-03 YY  7.454333E-04 ZZ  6.693511E-04 XY  2.677130E-05 XZ  5.538199E-04 YZ -4.239834E-04

 TENSOR IN PRINCIPAL AXIS SYSTEM
 AA -1.560195E-03 BB  3.748851E-04 CC  1.185310E-03

 PRINCIPAL AXES
         X             Y             Z
 A  9.663018E-01 -5.736542E-02 -2.509384E-01
 B  2.122483E-01  7.291259E-01  6.506351E-01
 C  1.456417E-01 -6.819711E-01  7.167314E-01

 ANGLES BETWEEN PRINCIPAL AXES AND ORIGINAL AXES (DEGREES)
         X             Y             Z
 A     14.916545     93.288602    104.533047
 B     77.745858     43.186834     49.410496
 C     81.625559    132.997866     44.214727


 POINT   ATOM  MASS NO  NUCLEAR G FACTOR
    6    6 O      17      -0.7575220

 TENSOR IN ORIGINAL CARTESIAN AXES
 XX -3.148583E-03 YY -1.174248E-03 ZZ  4.322831E-03 XY  3.420827E-03 XZ -3.305653E-03 YZ  1.342519E-03

 TENSOR IN PRINCIPAL AXIS SYSTEM
 AA -6.800941E-03 BB  1.225198E-03 CC  5.575743E-03

 PRINCIPAL AXES
         X             Y             Z
 A  7.822622E-01 -5.467988E-01  2.984577E-01
 B  5.142715E-01  8.372256E-01  1.859521E-01
 C -3.515548E-01  8.024933E-03  9.361329E-01

 ANGLES BETWEEN PRINCIPAL AXES AND ORIGINAL AXES (DEGREES)
         X             Y             Z
 A     38.531835    123.147674     72.635010
 B     59.051229     33.151704     79.283350
 C    110.582443     89.540200     20.588048


 POINT   ATOM  MASS NO  NUCLEAR G FACTOR
    7    7 O      17      -0.7575220

 TENSOR IN ORIGINAL CARTESIAN AXES
 XX  1.494760E-04 YY  1.876819E-03 ZZ -2.026295E-03 XY -2.855095E-03 XZ  4.008166E-03 YZ  3.927230E-03

 TENSOR IN PRINCIPAL AXIS SYSTEM
 AA  3.205583E-03 BB  4.377058E-03 CC -7.582641E-03

 PRINCIPAL AXES
         X             Y             Z
 A  8.187119E-01 -7.765337E-02  5.689295E-01
 B -2.046494E-01  8.862872E-01  4.154681E-01
 C -5.364974E-01 -4.565797E-01  7.097221E-01

 ANGLES BETWEEN PRINCIPAL AXES AND ORIGINAL AXES (DEGREES)
         X             Y             Z
 A     35.043944     94.453694     55.324388
 B    101.808973     27.589661     65.451204
 C    122.445521    117.166621     44.787689


 POINT   ATOM  MASS NO  NUCLEAR G FACTOR
    8    8 O      17      -0.7575220

 TENSOR IN ORIGINAL CARTESIAN AXES
 XX  3.566024E-04 YY -5.283645E-04 ZZ  1.717621E-04 XY -7.488882E-04 XZ  3.473229E-04 YZ -1.523778E-03

 TENSOR IN PRINCIPAL AXIS SYSTEM
 AA  1.779024E-03 BB -1.810159E-03 CC  3.113418E-05

 PRINCIPAL AXES
         X             Y             Z
 A  4.701463E-01 -5.875319E-01  6.586112E-01
 B  1.818375E-01  7.946984E-01  5.791283E-01
 C -8.636536E-01 -1.525148E-01  4.804598E-01

 ANGLES BETWEEN PRINCIPAL AXES AND ORIGINAL AXES (DEGREES)
         X             Y             Z
 A     61.956207    125.982059     48.805957
 B     79.523191     37.373224     54.610744
 C    149.729320     98.772690     61.284561


 POINT   ATOM  MASS NO  NUCLEAR G FACTOR
    9    9 O      17      -0.7575220

 TENSOR IN ORIGINAL CARTESIAN AXES
 XX  2.479631E-03 YY -7.260812E-03 ZZ  4.781181E-03 XY -3.320599E-03 XZ  1.493740E-03 YZ  3.072829E-03

 TENSOR IN PRINCIPAL AXIS SYSTEM
 AA  3.389073E-03 BB -9.107321E-03 CC  5.718248E-03

 PRINCIPAL AXES
         X             Y             Z
 A  9.131122E-01 -3.466356E-01 -2.146390E-01
 B  2.957327E-01  9.255127E-01 -2.365763E-01
 C  2.806569E-01  1.525449E-01  9.476084E-01

 ANGLES BETWEEN PRINCIPAL AXES AND ORIGINAL AXES (DEGREES)
         X             Y             Z
 A     24.060959    110.281668    102.394349
 B     72.798522     22.254201    103.684558
 C     73.700587     81.225562     18.628714


 POINT   ATOM  MASS NO  NUCLEAR G FACTOR
   10   10 O      17      -0.7575220

 TENSOR IN ORIGINAL CARTESIAN AXES
 XX  1.411851E-03 YY  2.169965E-03 ZZ -3.581816E-03 XY -4.317801E-03 XZ  4.928816E-03 YZ -8.190589E-04

 TENSOR IN PRINCIPAL AXIS SYSTEM
 AA -6.997062E-04 BB  7.630378E-03 CC -6.930672E-03

 PRINCIPAL AXES
         X             Y             Z
 A  4.150538E-01  7.650400E-01  4.923862E-01
 B -7.065526E-01  6.119991E-01 -3.553034E-01
 C -5.731613E-01 -2.004267E-01  7.945535E-01

 ANGLES BETWEEN PRINCIPAL AXES AND ORIGINAL AXES (DEGREES)
         X             Y             Z
 A     65.477296     40.089450     60.502459
 B    134.955110     52.265805    110.812042
 C    124.970966    101.561913     37.386895


 POINT   ATOM  MASS NO  NUCLEAR G FACTOR
   11   11 O      17      -0.7575220

 TENSOR IN ORIGINAL CARTESIAN AXES
 XX  9.794523E-03 YY  8.258469E-03 ZZ -1.805299E-02 XY  6.410366E-03 XZ -1.930827E-02 YZ  2.283437E-02

 TENSOR IN PRINCIPAL AXIS SYSTEM
 AA  2.390241E-02 BB  1.546848E-02 CC -3.937089E-02

 PRINCIPAL AXES
         X             Y             Z
 A  5.028567E-01 -6.407505E-01 -5.801499E-01
 B  7.776768E-01  6.283488E-01 -1.991695E-02
 C  3.772983E-01 -4.411538E-01  8.142661E-01

 ANGLES BETWEEN PRINCIPAL AXES AND ORIGINAL AXES (DEGREES)
         X             Y             Z
 A     59.810822    129.847804    125.461090
 B     38.951650     51.071597     91.141233
 C     67.833566    116.177518     35.485136


 POINT   ATOM  MASS NO  NUCLEAR G FACTOR
   12   12 O      17      -0.7575220

 TENSOR IN ORIGINAL CARTESIAN AXES
 XX  1.214029E-03 YY -1.248098E-03 ZZ  3.406923E-05 XY -1.072373E-03 XZ -3.703933E-04 YZ -8.747983E-04

 TENSOR IN PRINCIPAL AXIS SYSTEM
 AA  1.616831E-03 BB -2.076574E-03 CC  4.597435E-04

 PRINCIPAL AXES
         X             Y             Z
 A  9.391380E-01 -3.421695E-01 -3.065730E-02
 B  3.239960E-01  8.525059E-01  4.101955E-01
 C -1.142209E-01 -3.951630E-01  9.114822E-01

 ANGLES BETWEEN PRINCIPAL AXES AND ORIGINAL AXES (DEGREES)
         X             Y             Z
 A     20.092707    110.009107     91.756809
 B     71.095238     31.514724     65.782886
 C     96.558687    113.276140     24.289008


 POINT   ATOM  MASS NO  NUCLEAR G FACTOR
   13   13 O      17      -0.7575220

 TENSOR IN ORIGINAL CARTESIAN AXES
 XX -3.308589E-03 YY -1.049911E-03 ZZ  4.358500E-03 XY -4.268596E-02 XZ  3.778333E-02 YZ  2.689757E-02

 TENSOR IN PRINCIPAL AXIS SYSTEM
 AA -7.240615E-02 BB  4.373204E-02 CC  2.867411E-02

 PRINCIPAL AXES
         X             Y             Z
 A  6.363793E-01  5.746570E-01 -5.145781E-01
 B -7.710689E-01  4.927284E-01 -4.033255E-01
 C  2.177341E-02  6.534432E-01  7.566623E-01

 ANGLES BETWEEN PRINCIPAL AXES AND ORIGINAL AXES (DEGREES)
         X             Y             Z
 A     50.477638     54.924383    120.969260
 B    140.449973     60.479931    113.786238
 C     88.752377     49.198288     40.829167


 POINT   ATOM  MASS NO  NUCLEAR G FACTOR
   14   14 O      17      -0.7575220

 TENSOR IN ORIGINAL CARTESIAN AXES
 XX -6.178852E-02 YY -4.844338E-02 ZZ  1.102319E-01 XY -7.333448E-03 XZ  3.770812E-02 YZ -8.155662E-02

 TENSOR IN PRINCIPAL AXIS SYSTEM
 AA -6.502089E-02 BB -8.629276E-02 CC  1.513137E-01

 PRINCIPAL AXES
         X             Y             Z
 A  9.022588E-01  4.311457E-01  6.506620E-03
 B -3.945627E-01  8.194269E-01  4.157641E-01
 C  1.739232E-01 -3.776941E-01  9.094492E-01

 ANGLES BETWEEN PRINCIPAL AXES AND ORIGINAL AXES (DEGREES)
         X             Y             Z
 A     25.543412     64.459706     89.627195
 B    113.238702     34.972531     65.432554
 C     79.983997    112.190924     24.570653


 POINT   ATOM  MASS NO  NUCLEAR G FACTOR
   15   15 O      17      -0.7575220

 TENSOR IN ORIGINAL CARTESIAN AXES
 XX  9.219045E-02 YY -1.752857E-01 ZZ  8.309527E-02 XY  3.523831E-02 XZ  9.191254E-03 YZ -5.795332E-02

 TENSOR IN PRINCIPAL AXIS SYSTEM
 AA  9.790582E-02 BB -1.923410E-01 CC  9.443516E-02

 PRINCIPAL AXES
         X             Y             Z
 A  8.261436E-01 -1.293541E-02  5.633111E-01
 B -1.268361E-01  9.698091E-01  2.082857E-01
 C -5.489985E-01 -2.435221E-01  7.995609E-01

 ANGLES BETWEEN PRINCIPAL AXES AND ORIGINAL AXES (DEGREES)
         X             Y             Z
 A     34.295395     90.741165     55.714904
 B     97.286798     14.114792     77.978090
 C    123.298335    104.094510     36.911810


 POINT   ATOM  MASS NO  NUCLEAR G FACTOR
   16   16 O      17      -0.7575220

 TENSOR IN ORIGINAL CARTESIAN AXES
 XX -9.119881E-03 YY  1.028755E-03 ZZ  8.091126E-03 XY  1.211407E-02 XZ -6.853329E-03 YZ  2.472437E-03

 TENSOR IN PRINCIPAL AXIS SYSTEM
 AA -1.903248E-02 BB  7.783122E-03 CC  1.124936E-02

 PRINCIPAL AXES
         X             Y             Z
 A  8.139812E-01 -5.227465E-01  2.533195E-01
 B  2.968980E-01  7.492136E-01  5.920562E-01
 C -4.992857E-01 -4.067126E-01  7.650481E-01

 ANGLES BETWEEN PRINCIPAL AXES AND ORIGINAL AXES (DEGREES)
         X             Y             Z
 A     35.513252    121.516659     75.325969
 B     72.728617     41.477697     53.696938
 C    119.952755    113.998492     40.088726


 POINT   ATOM  MASS NO  NUCLEAR G FACTOR
   17   17 O      17      -0.7575220

 TENSOR IN ORIGINAL CARTESIAN AXES
 XX -3.545876E-03 YY -4.274446E-03 ZZ  7.820322E-03 XY -1.328503E-03 XZ -3.000542E-03 YZ  4.289684E-03

 TENSOR IN PRINCIPAL AXIS SYSTEM
 AA -4.247698E-03 BB -5.727147E-03 CC  9.974845E-03

 PRINCIPAL AXES
         X             Y             Z
 A  9.433283E-01 -1.592534E-01  2.911532E-01
 B  2.346461E-01  9.404844E-01 -2.458257E-01
 C -2.346764E-01  3.002123E-01  9.245537E-01

 ANGLES BETWEEN PRINCIPAL AXES AND ORIGINAL AXES (DEGREES)
         X             Y             Z
 A     19.381778     99.163565     73.072993
 B     76.429238     19.866931    104.230634
 C    103.572550     72.529648     22.398845


 POINT   ATOM  MASS NO  NUCLEAR G FACTOR
   18   18 O      17      -0.7575220

 TENSOR IN ORIGINAL CARTESIAN AXES
 XX  6.257162E-02 YY -1.009109E-02 ZZ -5.248053E-02 XY -3.677341E-02 XZ -4.002208E-02 YZ -8.780184E-02

 TENSOR IN PRINCIPAL AXIS SYSTEM
 AA  7.816668E-02 BB  5.821164E-02 CC -1.363783E-01

 PRINCIPAL AXES
         X             Y             Z
 A  9.447777E-01 -3.190071E-01 -7.503074E-02
 B  1.956150E-01  7.326595E-01 -6.518779E-01
 C  2.629257E-01  6.012025E-01  7.546030E-01

 ANGLES BETWEEN PRINCIPAL AXES AND ORIGINAL AXES (DEGREES)
         X             Y             Z
 A     19.129962    108.602891     94.302989
 B     78.719345     42.890183    130.683336
 C     74.756268     53.043929     41.009311


 POINT   ATOM  MASS NO  NUCLEAR G FACTOR
   19   19 O      17      -0.7575220

 TENSOR IN ORIGINAL CARTESIAN AXES
 XX  7.897678E-02 YY  6.366811E-02 ZZ -1.426449E-01 XY  1.851553E-02 XZ  6.147112E-02 YZ -6.834811E-02

 TENSOR IN PRINCIPAL AXIS SYSTEM
 AA  9.494092E-02 BB  8.425621E-02 CC -1.791971E-01

 PRINCIPAL AXES
         X             Y             Z
 A  9.704463E-01  6.951270E-02  2.310886E-01
 B  8.969747E-05  9.575098E-01 -2.884008E-01
 C -2.413171E-01  2.798983E-01  9.292056E-01

 ANGLES BETWEEN PRINCIPAL AXES AND ORIGINAL AXES (DEGREES)
         X             Y             Z
 A     13.964290     86.014001     76.638831
 B     89.994861     16.762241    106.762240
 C    103.964289     73.745868     21.688682


 POINT   ATOM  MASS NO  NUCLEAR G FACTOR
   20   20 O      17      -0.7575220

 TENSOR IN ORIGINAL CARTESIAN AXES
 XX -7.697113E-03 YY -6.667774E-03 ZZ  1.436489E-02 XY -2.489767E-03 XZ  9.232110E-03 YZ -5.086922E-03

 TENSOR IN PRINCIPAL AXIS SYSTEM
 AA -1.115798E-02 BB -7.798588E-03 CC  1.895657E-02

 PRINCIPAL AXES
         X             Y             Z
 A  9.364989E-01  1.750323E-01 -3.038642E-01
 B -9.516644E-02  9.608599E-01  2.601761E-01
 C  3.375101E-01 -2.147370E-01  9.165015E-01

 ANGLES BETWEEN PRINCIPAL AXES AND ORIGINAL AXES (DEGREES)
         X             Y             Z
 A     20.528327     79.919465    107.689845
 B     95.460899     16.083309     74.919488
 C     70.274749    102.400097     23.580137


 POINT   ATOM  MASS NO  NUCLEAR G FACTOR
   21   21 O      17      -0.7575220

 TENSOR IN ORIGINAL CARTESIAN AXES
 XX  5.857420E-03 YY -1.104925E-04 ZZ -5.746928E-03 XY -1.047914E-02 XZ  7.189552E-03 YZ -5.842655E-03

 TENSOR IN PRINCIPAL AXIS SYSTEM
 AA  1.746297E-02 BB -7.959071E-03 CC -9.503894E-03

 PRINCIPAL AXES
         X             Y             Z
 A  7.383551E-01 -5.634855E-01  3.705615E-01
 B  6.535511E-01  7.334322E-01 -1.869444E-01
 C -1.664413E-01  3.802123E-01  9.097999E-01

 ANGLES BETWEEN PRINCIPAL AXES AND ORIGINAL AXES (DEGREES)
         X             Y             Z
 A     42.408517    124.297187     68.249747
 B     49.190122     42.825098    100.774517
 C     99.580972     67.653169     24.522280


 POINT   ATOM  MASS NO  NUCLEAR G FACTOR
   22   22 O      17      -0.7575220

 TENSOR IN ORIGINAL CARTESIAN AXES
 XX  2.696238E-03 YY -2.595896E-03 ZZ -1.003425E-04 XY -1.698332E-03 XZ  9.696312E-04 YZ -5.249516E-04

 TENSOR IN PRINCIPAL AXIS SYSTEM
 AA  3.516497E-03 BB -3.112869E-03 CC -4.036283E-04

 PRINCIPAL AXES
         X             Y             Z
 A  9.165591E-01 -2.792504E-01  2.862492E-01
 B  2.671493E-01  9.602164E-01  8.133736E-02
 C -2.975746E-01  1.920758E-03  9.546966E-01

 ANGLES BETWEEN PRINCIPAL AXES AND ORIGINAL AXES (DEGREES)
         X             Y             Z
 A     23.571879    106.215473     73.366468
 B     74.505299     16.215867     85.334559
 C    107.311988     89.889949     17.312360


 POINT   ATOM  MASS NO  NUCLEAR G FACTOR
   23   23 O      17      -0.7575220

 TENSOR IN ORIGINAL CARTESIAN AXES
 XX  3.955842E-04 YY -1.219842E-04 ZZ -2.736000E-04 XY -7.138126E-04 XZ -7.591562E-04 YZ  1.717209E-03

 TENSOR IN PRINCIPAL AXIS SYSTEM
 AA  2.141541E-03 BB -2.233526E-04 CC -1.918188E-03

 PRINCIPAL AXES
         X             Y             Z
 A  5.121146E-01 -6.157735E-01 -5.988001E-01
 B  8.584762E-01  3.892911E-01  3.338728E-01
 C  2.751757E-02 -6.850368E-01  7.279886E-01

 ANGLES BETWEEN PRINCIPAL AXES AND ORIGINAL AXES (DEGREES)
         X             Y             Z
 A     59.195214    128.008146    126.784012
 B     30.854080     67.089602     70.495994
 C     88.423160    133.238501     43.281967


 POINT   ATOM  MASS NO  NUCLEAR G FACTOR
   24   24 O      17      -0.7575220

 TENSOR IN ORIGINAL CARTESIAN AXES
 XX -5.967472E-03 YY  8.288769E-03 ZZ -2.321297E-03 XY -3.338363E-03 XZ -9.755824E-04 YZ  7.573110E-03

 TENSOR IN PRINCIPAL AXIS SYSTEM
 AA -7.108961E-03 BB  1.284947E-02 CC -5.740510E-03

 PRINCIPAL AXES
         X             Y             Z
 A  7.741219E-01  4.065079E-01 -4.852696E-01
 B -1.786178E-01  8.756901E-01  4.486229E-01
 C  6.073146E-01 -2.606111E-01  7.505004E-01

 ANGLES BETWEEN PRINCIPAL AXES AND ORIGINAL AXES (DEGREES)
         X             Y             Z
 A     39.274511     66.014344    119.030137
 B    100.289259     28.873244     63.344635
 C     52.604420    105.106323     41.366254


 POINT   ATOM  MASS NO  NUCLEAR G FACTOR
   25   25 O      17      -0.7575220

 TENSOR IN ORIGINAL CARTESIAN AXES
 XX -7.364921E-04 YY  3.590585E-03 ZZ -2.854093E-03 XY  1.334283E-03 XZ -3.110222E-07 YZ  1.061076E-03

 TENSOR IN PRINCIPAL AXIS SYSTEM
 AA -1.072612E-03 BB  4.118708E-03 CC -3.046097E-03

 PRINCIPAL AXES
         X             Y             Z
 A  9.595676E-01 -2.417585E-01 -1.441624E-01
 B  2.621752E-01  9.540390E-01  1.451678E-01
 C  1.024410E-01 -1.770942E-01  9.788480E-01

 ANGLES BETWEEN PRINCIPAL AXES AND ORIGINAL AXES (DEGREES)
         X             Y             Z
 A     16.348449    103.990353     98.288780
 B     74.800831     17.438527     81.653001
 C     84.120248    100.200549     11.805418


 POINT   ATOM  MASS NO  NUCLEAR G FACTOR
   26   26 O      17      -0.7575220

 TENSOR IN ORIGINAL CARTESIAN AXES
 XX  4.259686E-02 YY  1.372222E-02 ZZ -5.631908E-02 XY -1.041421E-01 XZ -6.067475E-02 YZ  3.362315E-02

 TENSOR IN PRINCIPAL AXIS SYSTEM
 AA  1.551523E-01 BB -6.376833E-02 CC -9.138400E-02

 PRINCIPAL AXES
         X             Y             Z
 A  7.302066E-01 -6.105753E-01 -3.065878E-01
 B  3.025153E-01  6.912879E-01 -6.562054E-01
 C  6.126033E-01  3.864180E-01  6.894914E-01

 ANGLES BETWEEN PRINCIPAL AXES AND ORIGINAL AXES (DEGREES)
         X             Y             Z
 A     43.096281    127.631111    107.853718
 B     72.391260     46.267858    131.011115
 C     52.222024     67.268198     46.410141


 POINT   ATOM  MASS NO  NUCLEAR G FACTOR
   27   27 O      17      -0.7575220

 TENSOR IN ORIGINAL CARTESIAN AXES
 XX  6.960572E-03 YY -1.651071E-02 ZZ  9.550138E-03 XY  4.965409E-03 XZ  2.375842E-02 YZ  6.463044E-03

 TENSOR IN PRINCIPAL AXIS SYSTEM
 AA -1.527079E-02 BB -1.809631E-02 CC  3.336709E-02

 PRINCIPAL AXES
         X             Y             Z
 A  7.265628E-01 -3.035134E-01 -6.164302E-01
 B  1.191737E-01  9.392162E-01 -3.219790E-01
 C  6.766862E-01  1.604757E-01  7.185704E-01

 ANGLES BETWEEN PRINCIPAL AXES AND ORIGINAL AXES (DEGREES)
         X             Y             Z
 A     43.400992    107.668750    128.055911
 B     83.155583     20.079652    108.782649
 C     47.414772     80.765491     44.063426


 POINT   ATOM  MASS NO  NUCLEAR G FACTOR
   28   28 O      17      -0.7575220

 TENSOR IN ORIGINAL CARTESIAN AXES
 XX -6.911374E-02 YY  2.432490E-01 ZZ -1.741353E-01 XY  1.929316E-01 XZ  2.557445E-03 YZ  7.150057E-03

 TENSOR IN PRINCIPAL AXIS SYSTEM
 AA -1.611113E-01 BB  3.354038E-01 CC -1.742924E-01

 PRINCIPAL AXES
         X             Y             Z
 A  9.013859E-01 -4.290413E-01 -5.854038E-02
 B  4.305159E-01  9.024612E-01  1.482452E-02
 C  4.647009E-02 -3.856517E-02  9.981750E-01

 ANGLES BETWEEN PRINCIPAL AXES AND ORIGINAL AXES (DEGREES)
         X             Y             Z
 A     25.659156    115.406733     93.356035
 B     64.499696     25.516503     89.150587
 C     87.336501     92.210170      3.462099


 POINT   ATOM  MASS NO  NUCLEAR G FACTOR
   29   29 O      17      -0.7575220

 TENSOR IN ORIGINAL CARTESIAN AXES
 XX  6.176465E-03 YY  4.271191E-04 ZZ -6.603584E-03 XY  1.375621E-02 XZ -1.128631E-02 YZ -1.050402E-02

 TENSOR IN PRINCIPAL AXIS SYSTEM
 AA  2.487905E-02 BB -1.051790E-02 CC -1.436115E-02

