
         
 *******************************************************************************
 *                                                                             *
 *                                CRYSTAL09                                    *
 *                              public : 2.0                                   *
 *                      December 10th, 2012 - sequential executable            *
 *                                                                             *
 *                                                                             *
 *                                                                             *
 *                              MAIN AUTHORS                                   *
 *                                                                             *
 *    R. DOVESI(1,10), V.R. SAUNDERS(2), C. ROETTI(1,10), R. ORLANDO (1,3),    *
 *  C.M. ZICOVICH-WILSON(1,4), F. PASCALE(5), B. CIVALLERI(1,10), K. DOLL(6),  *
 *       N.M. HARRISON(2,7), I. J. BUSH(2), Ph. D'ARCO(8), M. LLUNELL(9)       *
 *                                                                             *
 * (1) THEORETICAL CHEMISTRY GROUP - UNIVERSITA' DI TORINO - TORINO (ITALY)    *
 *      http://www.crystal.unito.it                                            *
 * (2) COMPUTATIONAL SCIENCE & ENGINEERING DEPARTMENT - CCLRC DARESBURY (UK)   *
 *     http://www.cse.clrc.ac.uk/cmg/CRYSTAL/                                  *
 * (3) UNIVERSITA' DEL PIEMONTE ORIENTALE - ALESSANDRIA (ITALY)                *
 * (4) UNIVERSIDAD AUTONOMA DEL ESTADO DE MORELOS - CUERNAVACA (MEXICO)        *
 * (5) UNIVERSITE' HENRI POINCARE' - NANCY (FRANCE)                            *
 * (6) MPI FUER FESTKOERPERFORSCHUNG - STUTTGART (GERMANY)                     *
 * (7) IMPERIAL COLLEGE - LONDON (UK)                                          *
 * (8) UNIVERSITE' PIERRE ET MARIE CURIE - PARIS (FRANCE)                      *
 * (9) UNIVERSIDAD DE BARCELONA - BARCELONA (SPAIN)                            *
 *(10) NIS - NANOSTRUCTURED INTERFACES AND SURFACES - TORINO (ITALY)           *
 *     http://www.crystal.unito.it                                             *
 *******************************************************************************
 EEEEEEEEEE STARTING  DATE 10 08 2015 TIME 12:02:21.9

 *******************************************************************************
 Created with astools                                                            
 CRYSTAL - PROPERTIES - TYPE OF CALCULATION :  UNRESTRICTED OPEN SHELL
 *******************************************************************************
 SPIN POLARIZED SYSTEM: SUMMED SPIN DENSITY   -2.00000000

 KOHN-SHAM HAMILTONIAN

 (EXCHANGE)[CORRELATION] FUNCTIONAL:(BECKE)[LEE-YANG-PARR]

 NON-LOCAL WEIGHTING FACTOR (EXCHANGE) =           0.9000
 NON-LOCAL WEIGHTING FACTOR [CORRELATION] =        0.8100

 HYBRID EXCHANGE - PERCENTAGE OF FOCK EXCHANGE    20.0000

 SPIN POLARIZED DFT SELECTED

 DIRECT LATTICE VECTOR COMPONENTS (ANGSTROM)
        10.59622    0.00000    0.00000
         0.00000   10.58937    0.00000
         0.00000    0.00000   21.67319

 LATTICE PARAMETERS  (ANGSTROM AND DEGREES) - PRIMITIVE CELL
       A          B          C         ALPHA      BETA     GAMMA        VOLUME
   10.59622   10.58937   21.67319     47.6259   47.6259   47.6259    2431.89149
 *******************************************************************************
 N. OF ATOMS PER CELL      160  COULOMB OVERLAP TOL         (T1) 10** -8
 NUMBER OF SHELLS         1248  COULOMB PENETRATION TOL     (T2) 10** -8
 NUMBER OF AO             3424  EXCHANGE OVERLAP TOL        (T3) 10** -8
 N. OF ELECTRONS PER CELL 1792  EXCHANGE PSEUDO OVP (F(G))  (T4) 10** -8
 CORE ELECTRONS PER CELL   768  EXCHANGE PSEUDO OVP (P(G))  (T5) 10**-16
 N. OF SYMMETRY OPERATORS    1  POLE ORDER IN MONO ZONE                4
 CORE  PSEUDO POTENTIAL         TOL. ON PSEUDO              (TP) 10**- 6
 *******************************************************************************
   ATOM N.AT.  SHELL    X(A)      Y(A)      Z(A)      EXAD       N.ELECT.
 *******************************************************************************
    1    8 O     8    -1.539    -2.659    -8.550   2.535E-01       9.288
    2    8 O     8    -5.252     3.034    -8.715   2.535E-01       9.738
    3    8 O     8    -1.891    -2.297    10.562   2.535E-01       8.982
    4    8 O     8     1.876     1.852   -10.068   2.535E-01       9.315
    5    8 O     8     3.166    -0.256    -8.230   2.535E-01       9.200
    6    8 O     8     2.181    -4.143    -7.964   2.535E-01       9.600
    7    8 O     8     5.244    -2.817    -9.217   2.535E-01       9.192
    8    8 O     8    -2.810     0.058    -9.073   2.535E-01       9.343
    9    8 O     8    -3.304    -4.168   -10.224   2.535E-01       9.406
   10    8 O     8     2.501    -2.800   -10.057   2.535E-01       9.270
   11    8 O     8     0.018    -0.373   -10.207   2.535E-01       9.075
   12    8 O     8     5.099     0.892   -10.088   2.535E-01       9.222
   13    8 O     8    -3.407     4.682    -7.452   2.535E-01       9.288
   14    8 O     8    -1.991     4.325    -9.374   2.535E-01       9.477
   15    8 O     8     4.679    -5.181    -7.593   2.535E-01       9.387
   16    8 O     8     2.938     4.550    -9.601   2.535E-01       9.344
   17    8 O     8     0.537    -4.125   -10.468   2.535E-01       9.181
   18    8 O     8    -2.601    -0.826    -1.381   2.535E-01       9.208
   19    8 O     8    -2.265     1.800    -2.587   2.535E-01       9.297
   20    8 O     8    -4.930    -1.893    -2.524   2.535E-01       9.594
   21    8 O     8     0.595     2.414    -2.091   2.535E-01       9.351
   22    8 O     8    -1.433    -1.357    -6.112   2.535E-01       9.377
   23    8 O     8    -4.560    -3.214    -0.106   2.535E-01       9.306
   24    8 O     8    -1.988    -4.209    -5.037   2.535E-01       9.325
   25    8 O     8     4.797     5.092     0.173   2.535E-01       8.892
   26    8 O     8    -4.271    -0.844    -7.331   2.535E-01       9.587
   27    8 O     8     3.269     3.826    -1.515   2.535E-01       9.175
   28    8 O     8     0.301     0.057    -7.375   2.535E-01       9.449
   29    8 O     8     2.256    -3.283    -3.993   2.535E-01       9.347
   30    8 O     8    -2.943     2.095     0.133   2.535E-01       8.958
   31    8 O     8    -4.931     0.533    -0.921   2.535E-01       9.300
   32    8 O     8    -0.679    -0.035     0.047   2.535E-01       9.129
   33    8 O     8    -0.322    -5.018    -8.090   2.535E-01       9.535
   34    8 O     8    -3.606     4.052    -4.822   2.535E-01       9.389
   35    8 O     8    -3.895    -3.250    -6.757   2.535E-01       9.264
   36    8 O     8    -0.652     4.408     0.112   2.535E-01       8.919
   37    8 O     8     0.814    -4.659    -1.603   2.535E-01       9.260
   38    8 O     8     2.570    -0.672    -5.401   2.535E-01       9.357
   39    8 O     8     2.755     2.012    -6.159   2.535E-01       9.420
   40    8 O     8    -0.277    -2.109    -3.920   2.535E-01       9.401
   41    8 O     8     1.066     5.243    -4.482   2.535E-01       9.440
   42    8 O     8     1.449    -4.626     0.905   2.535E-01       8.945
   43    8 O     8    -2.450     1.835    -7.093   2.535E-01       9.433
   44    8 O     8     1.205    -1.030    -2.066   2.535E-01       9.381
   45    8 O     8    -4.670    -3.977    -4.184   2.535E-01       9.320
   46    8 O     8     2.876     2.094    -3.504   2.535E-01       9.493
   47    8 O     8     0.079     1.004    -4.997   2.535E-01       9.388
   48    8 O     8    -5.217     1.829    -3.642   2.535E-01       9.337
   49    8 O     8    -2.781    -3.884    -2.127   2.535E-01       9.273
   50    8 O     8     0.255     2.934    -7.899   2.535E-01       9.574
   51    8 O     8     4.218     4.591    -5.051   2.535E-01       9.431
   52    8 O     8    -0.915     3.563    -5.716   2.535E-01       9.517
   53    8 O     8     3.871    -2.926    -5.909   2.535E-01       9.390
   54    8 O     8    -1.053     4.318    -3.183   2.535E-01       9.291
   55    8 O     8     3.887    -3.565    -2.145   2.535E-01       9.316
   56    8 O     8     3.086    -1.865    -0.455   2.535E-01       9.196
   57    8 O     8     5.212    -0.794    -4.993   2.535E-01       9.611
   58    8 O     8     2.200     4.320    -6.733   2.535E-01       9.605
   59    8 O     8     0.784    -2.819    -6.339   2.535E-01       9.473
   60    8 O     8     5.159     1.671    -6.596   2.535E-01       9.365
   61    8 O     8    -2.979    -0.422    -3.996   2.535E-01       9.362
   62    8 O     8    -4.634     4.683    -2.405   2.535E-01       9.368
   63    8 O     8     1.589     1.265    -0.173   2.535E-01       9.108
   64    8 O     8     3.771    -0.292    -2.999   2.535E-01       9.456
   65   14 SI    6     0.652     0.640     1.029   6.000E-01      13.104
   66   14 SI    6     3.638     3.883     0.167   6.000E-01      13.108
   67   14 SI    6     2.087     4.661     1.756   6.000E-01      13.547
   68   14 SI    6     4.522     2.200     1.677   6.000E-01      14.099
   69   14 SI    6     0.742     3.503     3.340   6.000E-01      14.074
   70   14 SI    6     3.265     0.840     3.250   6.000E-01      13.986
   71   14 SI    6     1.978     2.099     4.729   6.000E-01      14.002
   72   14 SI    6     4.584     4.585     4.826   6.000E-01      13.997
   73   14 SI    6     0.070    -4.688    -0.003   6.000E-01      12.718
   74   14 SI    6     3.371    -1.700     1.288   6.000E-01      13.823
   75   14 SI    6     1.732    -0.735     2.447   6.000E-01      14.185
   76   14 SI    6     4.416    -3.307     2.520   6.000E-01      14.160
   77   14 SI    6     0.227    -2.259     3.262   6.000E-01      14.008
   78   14 SI    6     3.131    -4.861     3.529   6.000E-01      14.058
   79   14 SI    6     1.787    -3.351     4.630   6.000E-01      13.976
   80   14 SI    6     4.559    -0.488     4.696   6.000E-01      13.996
   81   14 SI    6    -4.332     1.154     0.556   6.000E-01      13.068
   82   14 SI    6    -1.872     3.371     0.833   6.000E-01      13.444
   83   14 SI    6    -3.293     4.762     2.082   6.000E-01      14.054
   84   14 SI    6    -0.684     2.043     2.295   6.000E-01      14.052
   85   14 SI    6    -4.759     3.363     3.284   6.000E-01      14.050
   86   14 SI    6    -2.185     0.580     3.321   6.000E-01      14.016
   87   14 SI    6    -3.477     1.963     4.656   6.000E-01      13.978
   88   14 SI    6    -0.698     4.756     4.664   6.000E-01      13.972
   89   14 SI    6    -4.873    -4.438     1.075   6.000E-01      13.048
   90   14 SI    6    -1.884    -1.372     0.090   6.000E-01      13.428
   91   14 SI    6    -3.450    -0.635     1.736   6.000E-01      14.290
   92   14 SI    6    -1.055    -3.158     1.419   6.000E-01      13.987
   93   14 SI    6    -4.659    -1.809     3.386   6.000E-01      13.991
   94   14 SI    6    -1.972    -4.393     3.322   6.000E-01      14.063
   95   14 SI    6    -3.386    -3.174     4.746   6.000E-01      13.981
   96   14 SI    6    -0.827    -0.725     4.675   6.000E-01      13.983
   97   14 SI    6     0.583     0.652     5.963   6.000E-01      14.000
   98   14 SI    6     3.264     3.323     6.206   6.000E-01      13.985
   99   14 SI    6     0.594    -4.593     6.104   6.000E-01      14.011
  100   14 SI    6     3.178    -1.953     5.932   6.000E-01      14.002
  101   14 SI    6    -4.752     0.743     6.171   6.000E-01      13.987
  102   14 SI    6    -2.046     3.289     5.911   6.000E-01      13.985
  103   14 SI    6    -4.793    -4.489     6.064   6.000E-01      13.995
  104   14 SI    6    -2.121    -1.874     6.180   6.000E-01      14.002
  105   14 SI    6     1.912     4.700     7.469   6.000E-01      13.985
  106   14 SI    6     4.577     2.057     7.585   6.000E-01      13.968
  107   14 SI    6     0.456     3.350     8.627   6.000E-01      14.008
  108   14 SI    6     3.299     0.636     8.848   6.000E-01      14.193
  109   14 SI    6     1.925     2.138     9.863   6.000E-01      13.848
  110   14 SI    6     4.671     4.635    10.185   6.000E-01      14.729
  111   14 SI    6     1.971    -0.604     7.382   6.000E-01      13.988
  112   14 SI    6     4.448    -3.193     7.517   6.000E-01      13.980
  113   14 SI    6     0.635    -1.913     8.759   6.000E-01      14.121
  114   14 SI    6     3.197    -4.631     8.937   6.000E-01      14.061
  115   14 SI    6     1.712    -3.363    10.244   6.000E-01      13.067
  116   14 SI    6     4.395    -0.521    10.589   6.000E-01      13.674
  117   14 SI    6    -3.432     4.645     7.177   6.000E-01      13.975
  118   14 SI    6    -0.811     1.893     7.363   6.000E-01      13.977
  119   14 SI    6    -4.547     3.424     8.765   6.000E-01      14.042
  120   14 SI    6    -2.108     0.730     8.996   6.000E-01      14.006
  121   14 SI    6    -2.922     2.599    10.214   6.000E-01      14.354
  122   14 SI    6    -1.175     4.281     9.896   6.000E-01      14.330
  123   14 SI    6    -3.451    -0.590     7.585   6.000E-01      14.028
  124   14 SI    6    -0.688    -3.213     7.383   6.000E-01      14.011
  125   14 SI    6    -4.860    -1.803     8.993   6.000E-01      14.116
  126   14 SI    6    -2.049    -4.695     8.481   6.000E-01      14.087
  127   14 SI    6    -3.201    -3.256     9.893   6.000E-01      13.187
  128   14 SI    6    -0.890    -0.917    10.178   6.000E-01      13.088
  129  272 HF   11    -1.717     0.075    -7.482   2.055E-01       9.588
  130  272 HF   11    -1.301    -4.444    -9.821   2.055E-01       9.452
  131  272 HF   11    -3.603    -2.452    -8.485   2.055E-01       9.456
  132  272 HF   11     0.580    -2.921    -8.417   2.055E-01       9.736
  133  272 HF   11     3.818     2.579   -10.045   2.055E-01       9.918
  134  272 HF   11     1.367     4.526    -8.451   2.055E-01       9.147
  135  272 HF   11     3.806    -4.145    -9.247   2.055E-01       9.408
  136  272 HF   11    -1.695     3.640    -7.539   2.055E-01       9.194
  137  272 HF   11     1.442     0.213    -8.940   2.055E-01       9.589
  138  272 HF   11    -3.969     4.345    -9.537   2.055E-01       9.689
  139  272 HF   11    -4.385     1.159    -8.380   2.055E-01       9.481
  140  272 HF   11    -0.985     1.662    -1.181   2.055E-01       9.920
  141  272 HF   11    -4.723    -3.956    -2.026   2.055E-01       9.434
  142  272 HF   11    -2.715    -5.206    -3.518   2.055E-01       9.571
  143  272 HF   11     1.071     4.197    -2.749   2.055E-01       9.661
  144  272 HF   11     2.094     0.855    -2.092   2.055E-01       9.619
  145  272 HF   11     2.053    -2.853    -1.929   2.055E-01       9.663
  146  272 HF   11    -4.591    -5.089    -5.984   2.055E-01       9.512
  147  272 HF   11     5.064    -1.439    -0.543   2.055E-01       9.673
  148  272 HF   11     4.471     3.620    -3.232   2.055E-01       9.414
  149  272 HF   11    -0.796    -1.022    -2.332   2.055E-01       9.924
  150  272 HF   11     0.862     2.516    -5.933   2.055E-01       9.502
  151  272 HF   11     0.548    -0.886    -5.405   2.055E-01       9.432
  152  272 HF   11     2.593    -4.487    -5.740   2.055E-01       9.457
  153  272 HF   11     3.909     0.951    -4.909   2.055E-01       9.503
  154  272 HF   11    -0.116    -3.844    -4.886   2.055E-01       9.545
  155  272 HF   11    -2.072     2.843    -4.233   2.055E-01       9.652
  156  272 HF   11    -4.488     0.066    -2.852   2.055E-01       9.331
  157  272 HF   11     4.133    -1.129    -6.822   2.055E-01       9.723
  158  272 HF   11    -3.317    -1.534    -5.540   2.055E-01       9.511
  159  272 HF   11     4.120     3.346    -7.097   2.055E-01       9.688
  160  272 HF   11     4.056    -2.249    -3.880   2.055E-01       9.355
 *******************************************************************************
 DE(K)                   0.000E+00  ENERGY LEVEL SHIFTING        0.00000
 TOTAL ENERGY -2.4909207373063E+04  CONVERGENCE ON ENER        1.044E-08
 KIN. ENERGY   2.3762984664483E+04  VIR. COEFF.           1.01138811E+00
 N. OF SCF CYCLES              161  FERMI ENERGY              -0.442E-01
 WEIGHT OF F(I) IN F(I+1)      97
 SHRINK. FACT.(MONKH.)     2  2  2  SHRINKING FACTOR(GILAT NET)        2
 NUMBER OF K POINTS IN THE IBZ   8  CELL VOLUME (A.U.)       16411.21748
 *******************************************************************************

 GCALCO - MAX INDICES DIRECT LATTICE VECTOR    18    19     9
 NO.OF VECTORS CREATED 6999 STARS 1062 RMAX   301.31372 BOHR

 DIMENSIONS  P(G)= 9133954 F(G)= 1619961 P(G),F(G) (IRR) 4575153
 MAX G-VECTOR INDEX FOR 1- AND 2-ELECTRON INTEGRALS  39


 CAPPA:IS1  2;IS2  2;IS3  2; K PTS MONK NET    8; SYMMOPS: K SPACE  2;G SPACE  1


 CAPPA:IS1  6;IS2  6;IS3  3; K PTS MONK NET   56; SYMMOPS: K SPACE  2;G SPACE  1

 *******************************************************************************
 RESTART WITH NEW K POINTS NET
 *******************************************************************************
 POINTS IN THE IBZ                  56 POINTS(GILAT NET)                56
 SHRINK FACTORS(MONK.)         6  6  3 SHRINK FACTOR(GILAT)              6
 *******************************************************************************
 *** K POINTS COORDINATES (OBLIQUE COORDINATES IN UNITS OF IS =  6)
   1-R(  0  0  0)   2-C(  1  0  0)   3-C(  2  0  0)   4-R(  3  0  0)
   5-C(  0  1  0)   6-C(  1  1  0)   7-C(  2  1  0)   8-C(  3  1  0)
   9-C(  4  1  0)  10-C(  5  1  0)  11-C(  0  2  0)  12-C(  1  2  0)
  13-C(  2  2  0)  14-C(  3  2  0)  15-C(  4  2  0)  16-C(  5  2  0)
  17-R(  0  3  0)  18-C(  1  3  0)  19-C(  2  3  0)  20-R(  3  3  0)
  21-C(  0  0  1)  22-C(  1  0  1)  23-C(  2  0  1)  24-C(  3  0  1)
  25-C(  4  0  1)  26-C(  5  0  1)  27-C(  0  1  1)  28-C(  1  1  1)
  29-C(  2  1  1)  30-C(  3  1  1)  31-C(  4  1  1)  32-C(  5  1  1)
  33-C(  0  2  1)  34-C(  1  2  1)  35-C(  2  2  1)  36-C(  3  2  1)
  37-C(  4  2  1)  38-C(  5  2  1)  39-C(  0  3  1)  40-C(  1  3  1)
  41-C(  2  3  1)  42-C(  3  3  1)  43-C(  4  3  1)  44-C(  5  3  1)
  45-C(  0  4  1)  46-C(  1  4  1)  47-C(  2  4  1)  48-C(  3  4  1)
  49-C(  4  4  1)  50-C(  5  4  1)  51-C(  0  5  1)  52-C(  1  5  1)
  53-C(  2  5  1)  54-C(  3  5  1)  55-C(  4  5  1)  56-C(  5  5  1)

 FERMI ENERGY AND DENSITY MATRIX CALCULATION ON COMPUTED EIGENVECTORS
 DENSITY MATRIX AT SCF CYCLE (161+1)


    ALPHA      ELECTRONS
 INSULATING STATE
 TOP OF VALENCE BANDS -    BAND    895; K   22; EIG -4.9629073E-02 AU
 TOP OF VALENCE BANDS -    BAND    895; K    1; EIG -4.9734836E-02 AU
 BOTTOM OF VIRTUAL BANDS - BAND    896; K    1; EIG -2.5392117E-02 AU

    BETA       ELECTRONS
 INSULATING STATE
 TOP OF VALENCE BANDS -    BAND    897; K   17; EIG -4.4210399E-02 AU
 TOP OF VALENCE BANDS -    BAND    897; K    1; EIG -1.6140594E-02 AU
 BOTTOM OF VIRTUAL BANDS - BAND    898; K   21; EIG -2.3588687E-02 AU
 BOTTOM OF VIRTUAL BANDS - BAND    898; K    1; EIG -1.0597498E-02 AU

 CORE DENSITY MATRIX CALCULATION
 TTTTTTTTTTTTTTTTTTTTTTTTTTTTTT NEWK        TELAPSE    50428.55 TCPU   222862.67
 TTTTTTTTTTTTTTTTTTTTTTTTTTTTTT SETPRINT    TELAPSE    50428.56 TCPU   222862.67

 *******************************************************************************
 HYPERFINE ELECTRON-NUCLEAR SPIN INTERACTION TENSOR
 ANISOTROPIC COMPONENTS - THE TENSOR IS TRACELESS
 *******************************************************************************


 POINT   ATOM  MASS NO  NUCLEAR G FACTOR
    1    1 O      17      -0.7575220

 TENSOR IN ORIGINAL CARTESIAN AXES
 XX -5.799212E-02 YY  5.326352E-02 ZZ  4.728601E-03 XY  2.027577E-02 XZ  4.796286E-02 YZ  1.248738E-02

 TENSOR IN PRINCIPAL AXIS SYSTEM
 AA -8.498811E-02 BB  6.618936E-02 CC  1.879874E-02

 PRINCIPAL AXES
         X             Y             Z
 A  8.835067E-01 -8.801816E-02 -4.600747E-01
 B  2.985314E-01  8.626792E-01  4.082445E-01
 C  3.609640E-01 -4.980335E-01  7.884590E-01

 ANGLES BETWEEN PRINCIPAL AXES AND ORIGINAL AXES (DEGREES)
         X             Y             Z
 A     27.931692     95.049603    117.391931
 B     72.630586     30.381251     65.905392
 C     68.840591    119.869984     37.958263


 POINT   ATOM  MASS NO  NUCLEAR G FACTOR
    2    2 O      17      -0.7575220

 TENSOR IN ORIGINAL CARTESIAN AXES
 XX  5.930916E-02 YY -3.292967E-02 ZZ -2.637949E-02 XY -2.377118E-03 XZ  1.051416E-02 YZ -1.808632E-03

 TENSOR IN PRINCIPAL AXIS SYSTEM
 AA  6.065139E-02 BB -3.339723E-02 CC -2.725416E-02

 PRINCIPAL AXES
         X             Y             Z
 A  9.923367E-01 -2.753508E-02  1.204559E-01
 B -4.178776E-03  9.668183E-01  2.554310E-01
 C -1.234923E-01 -2.539769E-01  9.592942E-01

 ANGLES BETWEEN PRINCIPAL AXES AND ORIGINAL AXES (DEGREES)
         X             Y             Z
 A      7.097776     91.577843     83.081585
 B     90.239427     14.801151     75.200875
 C     97.093695    104.712971     16.404011


 POINT   ATOM  MASS NO  NUCLEAR G FACTOR
    3    3 O      17      -0.7575220

 TENSOR IN ORIGINAL CARTESIAN AXES
 XX  2.037162E-03 YY  2.358917E-03 ZZ -4.396079E-03 XY  4.019514E-03 XZ -2.748170E-03 YZ  3.335267E-03

 TENSOR IN PRINCIPAL AXIS SYSTEM
 AA  1.352183E-03 BB  6.250788E-03 CC -7.602971E-03

 PRINCIPAL AXES
         X             Y             Z
 A  6.208857E-01 -5.117820E-01 -5.937846E-01
 B  6.683269E-01  7.414630E-01  5.976432E-02
 C  4.096831E-01 -4.339490E-01  8.024014E-01

 ANGLES BETWEEN PRINCIPAL AXES AND ORIGINAL AXES (DEGREES)
         X             Y             Z
 A     51.619161    120.782600    126.426039
 B     48.061938     42.143806     86.573715
 C     65.815074    115.718438     36.639963


 POINT   ATOM  MASS NO  NUCLEAR G FACTOR
    4    4 O      17      -0.7575220

 TENSOR IN ORIGINAL CARTESIAN AXES
 XX -2.295737E-03 YY -5.918168E-03 ZZ  8.213905E-03 XY  1.504159E-02 XZ -2.191220E-02 YZ -1.567016E-02

 TENSOR IN PRINCIPAL AXIS SYSTEM
 AA  3.652464E-02 BB -2.056290E-02 CC -1.596174E-02

 PRINCIPAL AXES
         X             Y             Z
 A  5.648622E-01  4.544775E-01 -6.887532E-01
 B -8.182710E-01  4.163187E-01 -3.963726E-01
 C  1.065984E-01  7.874827E-01  6.070484E-01

 ANGLES BETWEEN PRINCIPAL AXES AND ORIGINAL AXES (DEGREES)
         X             Y             Z
 A     55.607278     62.968682    133.531493
 B    144.912091     65.397612    113.351609
 C     83.880735     38.049117     52.623610


 POINT   ATOM  MASS NO  NUCLEAR G FACTOR
    5    5 O      17      -0.7575220

 TENSOR IN ORIGINAL CARTESIAN AXES
 XX  1.344969E-02 YY  1.393639E-02 ZZ -2.738609E-02 XY  1.623627E-02 XZ  7.012295E-03 YZ -1.144236E-02

 TENSOR IN PRINCIPAL AXIS SYSTEM
 AA  2.973192E-03 BB  3.013055E-02 CC -3.310374E-02

 PRINCIPAL AXES
         X             Y             Z
 A  6.880013E-01 -6.122253E-01  3.896592E-01
 B  6.827507E-01  7.280502E-01 -6.159898E-02
 C -2.459790E-01  3.084203E-01  9.188968E-01

 ANGLES BETWEEN PRINCIPAL AXES AND ORIGINAL AXES (DEGREES)
         X             Y             Z
 A     46.527895    127.750583     67.066703
 B     46.941034     43.276817     93.531597
 C    104.239698     72.035945     23.234675


 POINT   ATOM  MASS NO  NUCLEAR G FACTOR
    6    6 O      17      -0.7575220

 TENSOR IN ORIGINAL CARTESIAN AXES
 XX -1.011610E-02 YY  1.357898E-02 ZZ -3.462873E-03 XY -8.709923E-03 XZ -1.197432E-02 YZ -5.048075E-03

 TENSOR IN PRINCIPAL AXIS SYSTEM
 AA -2.202431E-02 BB  1.651537E-02 CC  5.508942E-03

 PRINCIPAL AXES
         X             Y             Z
 A  7.738003E-01  2.705112E-01  5.727624E-01
 B -2.796834E-01  9.572180E-01 -7.423527E-02
 C -5.683400E-01 -1.027488E-01  8.163531E-01

 ANGLES BETWEEN PRINCIPAL AXES AND ORIGINAL AXES (DEGREES)
         X             Y             Z
 A     39.303612     74.305309     55.056917
 B    106.241308     16.820104     94.257284
 C    124.634549     95.897483     35.278629


 POINT   ATOM  MASS NO  NUCLEAR G FACTOR
    7    7 O      17      -0.7575220

 TENSOR IN ORIGINAL CARTESIAN AXES
 XX -2.879241E-02 YY  3.361256E-04 ZZ  2.845628E-02 XY -1.444113E-02 XZ -4.429381E-02 YZ  3.528174E-02

 TENSOR IN PRINCIPAL AXIS SYSTEM
 AA -5.334281E-02 BB -1.916128E-02 CC  7.250409E-02

 PRINCIPAL AXES
         X             Y             Z
 A  8.552013E-01 -1.037009E-01  5.078158E-01
 B  3.177662E-01  8.789392E-01 -3.556551E-01
 C -4.094574E-01  4.655234E-01  7.846226E-01

 ANGLES BETWEEN PRINCIPAL AXES AND ORIGINAL AXES (DEGREES)
         X             Y             Z
 A     31.218018     95.952324     59.481552
 B     71.472114     28.485338    110.833600
 C    114.170756     62.255900     38.314215


 POINT   ATOM  MASS NO  NUCLEAR G FACTOR
    8    8 O      17      -0.7575220

 TENSOR IN ORIGINAL CARTESIAN AXES
 XX  3.553155E-02 YY -1.497964E-02 ZZ -2.055192E-02 XY -1.087719E-02 XZ -2.800938E-02 YZ  1.948229E-02

 TENSOR IN PRINCIPAL AXIS SYSTEM
 AA  5.186753E-02 BB -1.112333E-02 CC -4.074419E-02

 PRINCIPAL AXES
         X             Y             Z
 A  8.745154E-01 -2.613676E-01 -4.085460E-01
 B  4.288804E-01  8.100777E-01  3.997946E-01
 C  2.264606E-01 -5.248439E-01  8.205208E-01

 ANGLES BETWEEN PRINCIPAL AXES AND ORIGINAL AXES (DEGREES)
         X             Y             Z
 A     29.012325    105.151224    114.113528
 B     64.603471     35.896478     66.434659
 C     76.911217    121.657737     34.863035


 POINT   ATOM  MASS NO  NUCLEAR G FACTOR
    9    9 O      17      -0.7575220

 TENSOR IN ORIGINAL CARTESIAN AXES
 XX  2.161035E-02 YY -9.138078E-03 ZZ -1.247227E-02 XY  7.370950E-03 XZ  3.809967E-03 YZ -3.327603E-02

 TENSOR IN PRINCIPAL AXIS SYSTEM
 AA  1.982690E-02 BB  2.521982E-02 CC -4.504671E-02

 PRINCIPAL AXES
         X             Y             Z
 A  7.006515E-01 -4.540268E-01  5.504064E-01
 B  7.038441E-01  5.663176E-01 -4.288215E-01
 C -1.170084E-01  6.878547E-01  7.163553E-01

 ANGLES BETWEEN PRINCIPAL AXES AND ORIGINAL AXES (DEGREES)
         X             Y             Z
 A     45.520704    117.002332     56.605103
 B     45.263763     55.506165    115.392794
 C     96.719477     46.539469     44.245619


 POINT   ATOM  MASS NO  NUCLEAR G FACTOR
   10   10 O      17      -0.7575220

 TENSOR IN ORIGINAL CARTESIAN AXES
 XX -2.102370E-02 YY  3.370162E-02 ZZ -1.267791E-02 XY -4.719936E-02 XZ -2.544055E-02 YZ  1.832144E-02

 TENSOR IN PRINCIPAL AXIS SYSTEM
 AA -5.320294E-02 BB  7.083974E-02 CC -1.763679E-02

 PRINCIPAL AXES
         X             Y             Z
 A  8.498222E-01  3.858574E-01  3.590491E-01
 B -5.020275E-01  8.000617E-01  3.284353E-01
 C -1.605322E-01 -4.593641E-01  8.736212E-01

 ANGLES BETWEEN PRINCIPAL AXES AND ORIGINAL AXES (DEGREES)
         X             Y             Z
 A     31.807662     67.303020     68.958191
 B    120.134228     36.864008     70.826170
 C     99.237791    117.346082     29.117786


 POINT   ATOM  MASS NO  NUCLEAR G FACTOR
   11   11 O      17      -0.7575220

 TENSOR IN ORIGINAL CARTESIAN AXES
 XX -7.276929E-02 YY  1.141853E-01 ZZ -4.141598E-02 XY -5.799561E-02 XZ  5.114787E-02 YZ -1.122840E-01

 TENSOR IN PRINCIPAL AXIS SYSTEM
 AA -7.910400E-02 BB  1.942087E-01 CC -1.151047E-01

 PRINCIPAL AXES
         X             Y             Z
 A  7.355188E-01  4.915441E-01  4.662579E-01
 B -2.718527E-01  8.444913E-01 -4.614440E-01
 C -6.205708E-01  2.126473E-01  7.547668E-01

 ANGLES BETWEEN PRINCIPAL AXES AND ORIGINAL AXES (DEGREES)
         X             Y             Z
 A     42.648924     60.557881     62.208337
 B    105.774541     32.382527    117.480327
 C    128.357832     77.722463     40.995000


 POINT   ATOM  MASS NO  NUCLEAR G FACTOR
   12   12 O      17      -0.7575220

 TENSOR IN ORIGINAL CARTESIAN AXES
 XX -4.523172E-03 YY  1.311557E-02 ZZ -8.592400E-03 XY -3.680064E-03 XZ  5.333984E-03 YZ  8.238698E-03

 TENSOR IN PRINCIPAL AXIS SYSTEM
 AA -9.770725E-04 BB  1.605477E-02 CC -1.507770E-02

 PRINCIPAL AXES
         X             Y             Z
 A  8.541071E-01 -7.761323E-02  5.142736E-01
 B -9.280487E-02  9.501906E-01  2.975316E-01
 C -5.117503E-01 -3.018510E-01  8.043616E-01

 ANGLES BETWEEN PRINCIPAL AXES AND ORIGINAL AXES (DEGREES)
         X             Y             Z
 A     31.338774     94.451387     59.051087
 B     95.324990     18.159865     72.690592
 C    120.780488    107.568810     36.451352


 POINT   ATOM  MASS NO  NUCLEAR G FACTOR
   13   13 O      17      -0.7575220

 TENSOR IN ORIGINAL CARTESIAN AXES
 XX -8.581540E-03 YY  3.474316E-02 ZZ -2.616163E-02 XY -1.899577E-02 XZ -1.383133E-03 YZ  6.150817E-03

 TENSOR IN PRINCIPAL AXIS SYSTEM
 AA -1.566255E-02 BB  4.246044E-02 CC -2.679788E-02

 PRINCIPAL AXES
         X             Y             Z
 A  9.360166E-01  3.432533E-01  7.778253E-02
 B -3.495094E-01  9.325391E-01  9.063114E-02
 C -4.142581E-02 -1.120180E-01  9.928423E-01

 ANGLES BETWEEN PRINCIPAL AXES AND ORIGINAL AXES (DEGREES)
         X             Y             Z
 A     20.606993     69.924793     85.538883
 B    110.457313     21.165864     84.800083
 C     92.374204     96.431656      6.859352


 POINT   ATOM  MASS NO  NUCLEAR G FACTOR
   14   14 O      17      -0.7575220

 TENSOR IN ORIGINAL CARTESIAN AXES
 XX -8.460531E-03 YY  4.159395E-02 ZZ -3.313342E-02 XY  1.429978E-02 XZ -1.850284E-02 YZ -2.393522E-02

 TENSOR IN PRINCIPAL AXIS SYSTEM
 AA -8.705238E-03 BB  5.447874E-02 CC -4.577350E-02

 PRINCIPAL AXES
         X             Y             Z
 A  8.770535E-01 -3.856493E-01 -2.864469E-01
 B  2.962613E-01  9.035956E-01 -3.094255E-01
 C  3.781619E-01  1.865196E-01  9.067547E-01

 ANGLES BETWEEN PRINCIPAL AXES AND ORIGINAL AXES (DEGREES)
         X             Y             Z
 A     28.711054    112.684053    106.645355
 B     72.766814     25.365201    108.024613
 C     67.780129     79.250258     24.939345


 POINT   ATOM  MASS NO  NUCLEAR G FACTOR
   15   15 O      17      -0.7575220

 TENSOR IN ORIGINAL CARTESIAN AXES
 XX -1.259165E-03 YY  3.855351E-03 ZZ -2.596186E-03 XY -8.986781E-03 XZ -2.438878E-03 YZ  4.877569E-04

 TENSOR IN PRINCIPAL AXIS SYSTEM
 AA -8.520759E-03 BB  1.090045E-02 CC -2.379686E-03

 PRINCIPAL AXES
         X             Y             Z
 A  7.828070E-01  5.575360E-01  2.763455E-01
 B -6.064191E-01  7.830992E-01  1.378821E-01
 C -1.395317E-01 -2.755163E-01  9.511160E-01

 ANGLES BETWEEN PRINCIPAL AXES AND ORIGINAL AXES (DEGREES)
         X             Y             Z
 A     38.481694     56.114436     73.957787
 B    127.331026     38.454778     82.074687
 C     98.020749    105.992784     17.988964


 POINT   ATOM  MASS NO  NUCLEAR G FACTOR
   16   16 O      17      -0.7575220

 TENSOR IN ORIGINAL CARTESIAN AXES
 XX  7.920925E-05 YY  3.697294E-03 ZZ -3.776503E-03 XY  2.627110E-03 XZ -4.971260E-03 YZ  8.293214E-03

 TENSOR IN PRINCIPAL AXIS SYSTEM
 AA  2.693391E-03 BB  9.089822E-03 CC -1.178321E-02

 PRINCIPAL AXES
         X             Y             Z
 A  9.016046E-01  2.902310E-01 -3.207415E-01
 B -6.729403E-02  8.265773E-01  5.587857E-01
 C  4.272946E-01 -4.822198E-01  7.647767E-01

 ANGLES BETWEEN PRINCIPAL AXES AND ORIGINAL AXES (DEGREES)
         X             Y             Z
 A     25.630206     73.128214    108.707773
 B     93.858580     34.251266     56.028138
 C     64.704011    118.830479     40.112867


 POINT   ATOM  MASS NO  NUCLEAR G FACTOR
   17   17 O      17      -0.7575220

 TENSOR IN ORIGINAL CARTESIAN AXES
 XX  2.708918E-02 YY -1.716696E-02 ZZ -9.922220E-03 XY -4.213036E-04 XZ  2.511970E-03 YZ -4.158321E-02

 TENSOR IN PRINCIPAL AXIS SYSTEM
 AA  2.545059E-02 BB -5.530863E-02 CC  2.985804E-02

 PRINCIPAL AXES
         X             Y             Z
 A  7.891403E-01  4.249324E-01 -4.434975E-01
 B -1.683987E-02  7.367551E-01  6.759500E-01
 C  6.139821E-01 -5.259509E-01  5.885589E-01

 ANGLES BETWEEN PRINCIPAL AXES AND ORIGINAL AXES (DEGREES)
         X             Y             Z
 A     37.894757     64.853614    116.327249
 B     90.964899     42.544271     47.472037
 C     52.122005    121.732280     53.945187


 POINT   ATOM  MASS NO  NUCLEAR G FACTOR
   18   18 O      17      -0.7575220

 TENSOR IN ORIGINAL CARTESIAN AXES
 XX -6.926165E-03 YY  1.564284E-03 ZZ  5.361881E-03 XY -5.357791E-03 XZ -2.279516E-03 YZ -6.945071E-04

 TENSOR IN PRINCIPAL AXIS SYSTEM
 AA -9.880655E-03 BB  4.075341E-03 CC  5.805315E-03

 PRINCIPAL AXES
         X             Y             Z
 A  8.914521E-01  4.265905E-01  1.527534E-01
 B -3.921546E-01  8.952433E-01 -2.115517E-01
 C -2.269974E-01  1.286853E-01  9.653560E-01

 ANGLES BETWEEN PRINCIPAL AXES AND ORIGINAL AXES (DEGREES)
         X             Y             Z
 A     26.943706     64.748621     81.213475
 B    113.088632     26.460297    102.213302
 C    103.120362     82.606375     15.125624


 POINT   ATOM  MASS NO  NUCLEAR G FACTOR
   19   19 O      17      -0.7575220

 TENSOR IN ORIGINAL CARTESIAN AXES
 XX -1.270825E-02 YY  8.227235E-03 ZZ  4.481015E-03 XY -8.780287E-03 XZ -4.123200E-03 YZ  1.702526E-02

 TENSOR IN PRINCIPAL AXIS SYSTEM
 AA -1.628861E-02 BB  2.573969E-02 CC -9.451087E-03

 PRINCIPAL AXES
         X             Y             Z
 A  8.736234E-01  4.467777E-01 -1.927999E-01
 B -2.360824E-01  7.356226E-01  6.349208E-01
 C  4.254965E-01 -5.091650E-01  7.481335E-01

 ANGLES BETWEEN PRINCIPAL AXES AND ORIGINAL AXES (DEGREES)
         X             Y             Z
 A     29.117528     63.462866    101.116230
 B    103.655435     42.640147     50.585887
 C     64.817907    120.608228     41.571047


 POINT   ATOM  MASS NO  NUCLEAR G FACTOR
   20   20 O      17      -0.7575220

 TENSOR IN ORIGINAL CARTESIAN AXES
 XX  1.887464E-02 YY -5.640891E-02 ZZ  3.753427E-02 XY -1.024516E-02 XZ  1.603366E-03 YZ -2.649609E-02

 TENSOR IN PRINCIPAL AXIS SYSTEM
 AA  1.928291E-02 BB -6.445225E-02 CC  4.516934E-02

 PRINCIPAL AXES
         X             Y             Z
 A  9.804129E-01 -6.799762E-02 -1.848428E-01
 B  1.135099E-01  9.620470E-01  2.481552E-01
 C  1.609535E-01 -2.642761E-01  9.509217E-01

 ANGLES BETWEEN PRINCIPAL AXES AND ORIGINAL AXES (DEGREES)
         X             Y             Z
 A     11.358844     93.898985    100.651968
 B     83.482312     15.835937     75.631626
 C     80.737754    105.323941     18.024976


 POINT   ATOM  MASS NO  NUCLEAR G FACTOR
   21   21 O      17      -0.7575220

 TENSOR IN ORIGINAL CARTESIAN AXES
 XX -2.248222E-03 YY -6.088798E-02 ZZ  6.313620E-02 XY -5.761711E-03 XZ  9.091651E-03 YZ -2.988428E-02

 TENSOR IN PRINCIPAL AXIS SYSTEM
 AA -3.449699E-03 BB -6.791200E-02 CC  7.136170E-02

 PRINCIPAL AXES
         X             Y             Z
 A  9.890678E-01 -2.347089E-02 -1.455814E-01
 B  5.525922E-02  9.743053E-01  2.183472E-01
 C  1.367159E-01 -2.240049E-01  9.649511E-01

 ANGLES BETWEEN PRINCIPAL AXES AND ORIGINAL AXES (DEGREES)
         X             Y             Z
 A      8.479833     91.344907     98.370949
 B     86.832266     13.016474     77.388023
 C     82.142143    102.944372     15.214294


 POINT   ATOM  MASS NO  NUCLEAR G FACTOR
   22   22 O      17      -0.7575220

 TENSOR IN ORIGINAL CARTESIAN AXES
 XX -5.161077E-02 YY -5.679134E-02 ZZ  1.084021E-01 XY  1.602094E-01 XZ -4.075837E-02 YZ  1.918753E-02

 TENSOR IN PRINCIPAL AXIS SYSTEM
 AA  9.399095E-02 BB -2.198847E-01 CC  1.258938E-01

 PRINCIPAL AXES
         X             Y             Z
 A  5.037536E-01  6.127362E-01  6.089225E-01
 B -6.999528E-01  7.026307E-01 -1.279695E-01
 C -5.062591E-01 -3.617519E-01  7.828392E-01

 ANGLES BETWEEN PRINCIPAL AXES AND ORIGINAL AXES (DEGREES)
         X             Y             Z
 A     59.751349     52.212386     52.488368
 B    134.423220     45.361555     97.352270
 C    120.414972    111.207828     38.478729


 POINT   ATOM  MASS NO  NUCLEAR G FACTOR
   23   23 O      17      -0.7575220

 TENSOR IN ORIGINAL CARTESIAN AXES
 XX  2.257520E-02 YY  1.660677E-02 ZZ -3.918198E-02 XY  2.410725E-03 XZ  7.034616E-03 YZ  3.818290E-03

 TENSOR IN PRINCIPAL AXIS SYSTEM
 AA  2.441271E-02 BB  1.577968E-02 CC -4.019238E-02

 PRINCIPAL AXES
         X             Y             Z
 A  9.294688E-01  3.475494E-01  1.236817E-01
 B -3.524894E-01  9.356046E-01  1.988262E-02
 C -1.088070E-01 -6.207677E-02  9.921227E-01

 ANGLES BETWEEN PRINCIPAL AXES AND ORIGINAL AXES (DEGREES)
         X             Y             Z
 A     21.647837     69.662503     82.895366
 B    110.639653     20.673962     88.860735
 C     96.246549     93.559025      7.196329


 POINT   ATOM  MASS NO  NUCLEAR G FACTOR
   24   24 O      17      -0.7575220

 TENSOR IN ORIGINAL CARTESIAN AXES
 XX  3.574980E-03 YY -5.145780E-03 ZZ  1.570799E-03 XY  1.371510E-02 XZ  5.601384E-03 YZ  1.619104E-02

 TENSOR IN PRINCIPAL AXIS SYSTEM
 AA  2.368699E-02 BB -2.088161E-02 CC -2.805387E-03

 PRINCIPAL AXES
         X             Y             Z
 A  5.639524E-01  5.917302E-01  5.760322E-01
 B -3.363783E-01  8.016502E-01 -4.941726E-01
 C -7.541932E-01  8.492511E-02  6.511378E-01

 ANGLES BETWEEN PRINCIPAL AXES AND ORIGINAL AXES (DEGREES)
         X             Y             Z
 A     55.670425     53.720115     54.828052
 B    109.656372     36.712022    119.615205
 C    138.954921     85.128282     49.372561


 POINT   ATOM  MASS NO  NUCLEAR G FACTOR
   25   25 O      17      -0.7575220

 TENSOR IN ORIGINAL CARTESIAN AXES
 XX  3.237941E-03 YY -3.512589E-03 ZZ  2.746476E-04 XY -7.941918E-04 XZ -2.425881E-03 YZ -3.849687E-03

 TENSOR IN PRINCIPAL AXIS SYSTEM
 AA  4.836049E-03 BB -6.322405E-03 CC  1.486357E-03

 PRINCIPAL AXES
         X             Y             Z
 A  7.888844E-01  1.938605E-01 -5.831633E-01
 B  2.065233E-01  8.101189E-01  5.486852E-01
 C  5.788000E-01 -5.532861E-01  5.990535E-01

 ANGLES BETWEEN PRINCIPAL AXES AND ORIGINAL AXES (DEGREES)
         X             Y             Z
 A     37.918618     78.821836    125.673343
 B     78.081312     35.892449     56.723140
 C     54.633813    123.592744     53.197862


 POINT   ATOM  MASS NO  NUCLEAR G FACTOR
   26   26 O      17      -0.7575220

 TENSOR IN ORIGINAL CARTESIAN AXES
 XX -1.152491E-01 YY  9.311838E-03 ZZ  1.059372E-01 XY -1.250269E-01 XZ -6.065776E-02 YZ -3.422870E-02

 TENSOR IN PRINCIPAL AXIS SYSTEM
 AA -2.080732E-01 BB  8.649474E-02 CC  1.215785E-01

 PRINCIPAL AXES
         X             Y             Z
 A  8.312030E-01  5.121301E-01  2.163892E-01
 B -5.085005E-01  8.576530E-01 -7.654152E-02
 C -2.247860E-01 -4.641246E-02  9.733022E-01

 ANGLES BETWEEN PRINCIPAL AXES AND ORIGINAL AXES (DEGREES)
         X             Y             Z
 A     33.777482     59.194180     77.502961
 B    120.564001     30.945928     94.389799
 C    102.990296     92.660193     13.269255


 POINT   ATOM  MASS NO  NUCLEAR G FACTOR
   27   27 O      17      -0.7575220

 TENSOR IN ORIGINAL CARTESIAN AXES
 XX -4.608311E-03 YY -2.382647E-02 ZZ  2.843479E-02 XY  1.067342E-02 XZ -2.812947E-03 YZ  2.369580E-03

 TENSOR IN PRINCIPAL AXIS SYSTEM
 AA  5.458161E-05 BB -2.877072E-02 CC  2.871614E-02

 PRINCIPAL AXES
         X             Y             Z
 A  9.094720E-01  4.120114E-01  5.574318E-02
 B -4.090189E-01  9.106913E-01 -5.783543E-02
 C -7.459368E-02  2.979969E-02  9.967687E-01

 ANGLES BETWEEN PRINCIPAL AXES AND ORIGINAL AXES (DEGREES)
         X             Y             Z
 A     24.567515     65.668748     86.804495
 B    114.143221     24.398946     93.315576
 C     94.277877     88.292351      4.607295


 POINT   ATOM  MASS NO  NUCLEAR G FACTOR
   28   28 O      17      -0.7575220

 TENSOR IN ORIGINAL CARTESIAN AXES
 XX -3.888763E-02 YY  9.555669E-02 ZZ -5.666906E-02 XY  9.282104E-03 XZ -3.183797E-02 YZ  7.429724E-02

 TENSOR IN PRINCIPAL AXIS SYSTEM
 AA -2.216217E-02 BB  1.258804E-01 CC -1.037182E-01

 PRINCIPAL AXES
         X             Y             Z
 A  8.908633E-01  1.901416E-01 -4.125636E-01
 B -2.134921E-02  9.247081E-01  3.800777E-01
 C  4.537695E-01 -3.297894E-01  8.278479E-01

 ANGLES BETWEEN PRINCIPAL AXES AND ORIGINAL AXES (DEGREES)
         X             Y             Z
 A     27.018067     79.038954    114.365978
 B     91.223312     22.375614     67.661503
 C     63.014211    109.255993     34.121700


