
         
 *******************************************************************************
 *                                                                             *
 *                                CRYSTAL09                                    *
 *                              public : 2.0                                   *
 *                      December 10th, 2012 - sequential executable            *
 *                                                                             *
 *                                                                             *
 *                                                                             *
 *                              MAIN AUTHORS                                   *
 *                                                                             *
 *    R. DOVESI(1,10), V.R. SAUNDERS(2), C. ROETTI(1,10), R. ORLANDO (1,3),    *
 *  C.M. ZICOVICH-WILSON(1,4), F. PASCALE(5), B. CIVALLERI(1,10), K. DOLL(6),  *
 *       N.M. HARRISON(2,7), I. J. BUSH(2), Ph. D'ARCO(8), M. LLUNELL(9)       *
 *                                                                             *
 * (1) THEORETICAL CHEMISTRY GROUP - UNIVERSITA' DI TORINO - TORINO (ITALY)    *
 *      http://www.crystal.unito.it                                            *
 * (2) COMPUTATIONAL SCIENCE & ENGINEERING DEPARTMENT - CCLRC DARESBURY (UK)   *
 *     http://www.cse.clrc.ac.uk/cmg/CRYSTAL/                                  *
 * (3) UNIVERSITA' DEL PIEMONTE ORIENTALE - ALESSANDRIA (ITALY)                *
 * (4) UNIVERSIDAD AUTONOMA DEL ESTADO DE MORELOS - CUERNAVACA (MEXICO)        *
 * (5) UNIVERSITE' HENRI POINCARE' - NANCY (FRANCE)                            *
 * (6) MPI FUER FESTKOERPERFORSCHUNG - STUTTGART (GERMANY)                     *
 * (7) IMPERIAL COLLEGE - LONDON (UK)                                          *
 * (8) UNIVERSITE' PIERRE ET MARIE CURIE - PARIS (FRANCE)                      *
 * (9) UNIVERSIDAD DE BARCELONA - BARCELONA (SPAIN)                            *
 *(10) NIS - NANOSTRUCTURED INTERFACES AND SURFACES - TORINO (ITALY)           *
 *     http://www.crystal.unito.it                                             *
 *******************************************************************************
 EEEEEEEEEE STARTING  DATE 14 08 2015 TIME 18:16:03.6

 *******************************************************************************
 Created with astools                                                            
 CRYSTAL - PROPERTIES - TYPE OF CALCULATION :  UNRESTRICTED OPEN SHELL
 *******************************************************************************
 SPIN POLARIZED SYSTEM: SUMMED SPIN DENSITY   -0.00004242

 KOHN-SHAM HAMILTONIAN

 (EXCHANGE)[CORRELATION] FUNCTIONAL:(BECKE)[LEE-YANG-PARR]

 NON-LOCAL WEIGHTING FACTOR (EXCHANGE) =           0.9000
 NON-LOCAL WEIGHTING FACTOR [CORRELATION] =        0.8100

 HYBRID EXCHANGE - PERCENTAGE OF FOCK EXCHANGE    20.0000

 SPIN POLARIZED DFT SELECTED

 DIRECT LATTICE VECTOR COMPONENTS (ANGSTROM)
        10.52960    0.00000    0.00000
         0.00000   10.48740    0.00000
         0.00000    0.00000   22.74380

 LATTICE PARAMETERS  (ANGSTROM AND DEGREES) - PRIMITIVE CELL
       A          B          C         ALPHA      BETA     GAMMA        VOLUME
   10.52960   10.48740   22.74380     47.6259   47.6259   47.6259    2511.55524
 *******************************************************************************
 N. OF ATOMS PER CELL      168  COULOMB OVERLAP TOL         (T1) 10** -8
 NUMBER OF SHELLS         1312  COULOMB PENETRATION TOL     (T2) 10** -8
 NUMBER OF AO             3568  EXCHANGE OVERLAP TOL        (T3) 10** -8
 N. OF ELECTRONS PER CELL 1856  EXCHANGE PSEUDO OVP (F(G))  (T4) 10** -8
 CORE ELECTRONS PER CELL   784  EXCHANGE PSEUDO OVP (P(G))  (T5) 10**-16
 N. OF SYMMETRY OPERATORS    1  POLE ORDER IN MONO ZONE                4
 CORE  PSEUDO POTENTIAL         TOL. ON PSEUDO              (TP) 10**- 6
 *******************************************************************************
   ATOM N.AT.  SHELL    X(A)      Y(A)      Z(A)      EXAD       N.ELECT.
 *******************************************************************************
    1    8 O     8    -0.205     0.523     0.156   2.535E-01       9.087
    2    8 O     8     0.605    -5.134    -0.220   2.535E-01       9.134
    3    8 O     8    -4.835     0.407     0.356   2.535E-01       9.126
    4    8 O     8    -5.144     5.183     0.406   2.535E-01       9.238
    5    8 O     8     1.471     4.507    10.235   2.535E-01       8.927
    6    8 O     8     1.674    -0.445    10.660   2.535E-01       8.941
    7    8 O     8    -3.723     4.468    10.236   2.535E-01       8.780
    8    8 O     8    -3.980    -1.183    10.134   2.535E-01       9.207
    9    8 O     8    -0.035    -3.853    -8.442   2.535E-01       9.319
   10    8 O     8    -5.104    -0.963   -10.275   2.535E-01       9.195
   11    8 O     8     3.431     0.785    -9.564   2.535E-01       9.358
   12    8 O     8     1.924    -1.843    -7.723   2.535E-01       9.371
   13    8 O     8    -2.242    -0.199   -11.226   2.535E-01       9.122
   14    8 O     8    -2.016     1.809    -9.310   2.535E-01       9.264
   15    8 O     8    -3.372    -0.168    -7.954   2.535E-01       9.560
   16    8 O     8     1.592     1.596    -7.716   2.535E-01       9.313
   17    8 O     8    -0.529     4.157    -7.912   2.535E-01       9.332
   18    8 O     8     1.394     4.157    -9.835   2.535E-01       9.346
   19    8 O     8    -2.707    -4.113    -7.700   2.535E-01       9.533
   20    8 O     8     4.019     4.552   -10.809   2.535E-01       9.155
   21    8 O     8    -1.135    -1.429    -7.195   2.535E-01       9.491
   22    8 O     8     0.106    -0.338    -9.470   2.535E-01       9.170
   23    8 O     8     3.953    -2.698    10.985   2.535E-01       9.147
   24    8 O     8     2.933    -4.288    -8.383   2.535E-01       9.325
   25    8 O     8    -5.067    -3.830    -9.584   2.535E-01       9.457
   26    8 O     8    -2.744     4.868    -9.716   2.535E-01       9.323
   27    8 O     8     5.260     1.618    11.337   2.535E-01       9.045
   28    8 O     8    -0.217     1.918    11.170   2.535E-01       8.995
   29    8 O     8    -2.356    -2.913    11.116   2.535E-01       9.251
   30    8 O     8     4.019     3.284    -8.488   2.535E-01       9.306
   31    8 O     8    -0.628    -5.242   -10.890   2.535E-01       9.314
   32    8 O     8     1.697    -3.877   -10.858   2.535E-01       9.279
   33    8 O     8    -2.626    -2.203    -9.312   2.535E-01       9.441
   34    8 O     8    -5.185     1.445    -7.160   2.535E-01       9.274
   35    8 O     8    -1.943    -2.770    -5.314   2.535E-01       9.417
   36    8 O     8    -3.714    -4.174    -0.975   2.535E-01       9.260
   37    8 O     8     5.235    -4.822    -6.692   2.535E-01       9.327
   38    8 O     8     4.597     0.372    -4.699   2.535E-01       9.508
   39    8 O     8    -3.567     3.612    -0.734   2.535E-01       9.276
   40    8 O     8    -0.682     3.586    -4.996   2.535E-01       9.412
   41    8 O     8    -1.271     0.931    -5.887   2.535E-01       9.382
   42    8 O     8     3.670    -2.439    -5.302   2.535E-01       9.354
   43    8 O     8     1.067    -4.904    -2.864   2.535E-01       9.299
   44    8 O     8    -5.041    -2.012    -7.450   2.535E-01       9.302
   45    8 O     8    -2.776     1.406    -2.612   2.535E-01       9.563
   46    8 O     8    -2.949    -5.011    -5.147   2.535E-01       9.374
   47    8 O     8     2.314     3.492    -0.249   2.535E-01       9.150
   48    8 O     8     2.398    -2.326    -2.464   2.535E-01       9.307
   49    8 O     8     4.760     2.909    -2.272   2.535E-01       9.243
   50    8 O     8     4.165    -4.384    -1.513   2.535E-01       9.487
   51    8 O     8    -2.817    -0.342    -0.844   2.535E-01       9.270
   52    8 O     8     2.108     3.936    -6.472   2.535E-01       9.350
   53    8 O     8    -3.326    -0.599    -5.432   2.535E-01       9.538
   54    8 O     8     1.800     0.301    -1.297   2.535E-01       9.330
   55    8 O     8     5.122     0.487    -2.266   2.535E-01       9.550
   56    8 O     8     3.416     0.022    -7.091   2.535E-01       9.538
   57    8 O     8    -4.547    -5.215    -3.347   2.535E-01       9.420
   58    8 O     8     3.614    -4.774    -4.364   2.535E-01       9.269
   59    8 O     8    -1.862     4.999    -2.767   2.535E-01       9.248
   60    8 O     8     4.275     3.069    -5.148   2.535E-01       9.366
   61    8 O     8    -0.414     2.642    -1.970   2.535E-01       9.282
   62    8 O     8     0.992    -4.300    -5.917   2.535E-01       9.289
   63    8 O     8    -3.454     2.878    -4.761   2.535E-01       9.435
   64    8 O     8    -4.295    -2.609    -3.570   2.535E-01       9.295
   65    8 O     8    -0.960    -2.685    -3.023   2.535E-01       9.286
   66    8 O     8    -3.441     3.605    -7.147   2.535E-01       9.417
   67    8 O     8     1.310    -1.701     0.321   2.535E-01       9.041
   68    8 O     8     2.077     3.263    -3.298   2.535E-01       9.410
   69    8 O     8    -0.312     0.368    -3.553   2.535E-01       9.375
   70    8 O     8     0.868    -1.248    -5.327   2.535E-01       9.339
   71    8 O     8     4.814    -2.150    -1.336   2.535E-01       9.249
   72    8 O     8     2.203     1.388    -5.088   2.535E-01       9.560
   73   14 SI    6     1.667     4.582     0.989   6.000E-01      13.143
   74   14 SI    6     3.916     1.995     0.273   6.000E-01      14.051
   75   14 SI    6     0.155     3.158     2.012   6.000E-01      14.089
   76   14 SI    6     2.868     0.716     1.921   6.000E-01      14.067
   77   14 SI    6     1.553     1.918     3.364   6.000E-01      14.004
   78   14 SI    6     4.131     4.576     3.253   6.000E-01      13.994
   79   14 SI    6     1.403    -0.035     0.278   6.000E-01      12.733
   80   14 SI    6     5.169    -3.510    -0.323   6.000E-01      12.451
   81   14 SI    6     0.350    -2.303     1.651   6.000E-01      13.592
   82   14 SI    6     3.163    -4.368     1.812   6.000E-01      14.154
   83   14 SI    6     1.609    -3.403     3.213   6.000E-01      14.067
   84   14 SI    6     4.223    -0.848     3.025   6.000E-01      13.934
   85   14 SI    6    -3.457     5.037     0.278   6.000E-01      12.602
   86   14 SI    6    -1.307     1.852     0.711   6.000E-01      13.966
   87   14 SI    6     5.142     2.955     2.020   6.000E-01      14.083
   88   14 SI    6    -2.372     0.527     2.217   6.000E-01      14.112
   89   14 SI    6    -3.818     1.906     3.293   6.000E-01      14.001
   90   14 SI    6    -1.084     4.468     3.404   6.000E-01      14.006
   91   14 SI    6    -3.580    -0.688     0.698   6.000E-01      13.084
   92   14 SI    6    -0.686    -3.769     0.234   6.000E-01      14.043
   93   14 SI    6    -4.994    -2.344     1.658   6.000E-01      14.033
   94   14 SI    6    -2.105    -4.626     1.898   6.000E-01      14.078
   95   14 SI    6    -3.654    -3.423     3.195   6.000E-01      13.985
   96   14 SI    6    -0.861    -0.887     3.130   6.000E-01      14.059
   97   14 SI    6     0.266     0.492     4.598   6.000E-01      13.983
   98   14 SI    6     2.886     3.268     4.677   6.000E-01      14.000
   99   14 SI    6     1.584     4.598     6.013   6.000E-01      13.985
  100   14 SI    6     4.251     1.891     5.939   6.000E-01      13.977
  101   14 SI    6     0.240     3.198     7.231   6.000E-01      14.045
  102   14 SI    6     2.947     0.608     7.304   6.000E-01      14.062
  103   14 SI    6     0.267    -4.609     4.631   6.000E-01      14.003
  104   14 SI    6     2.848    -1.991     4.525   6.000E-01      14.013
  105   14 SI    6     1.608    -0.710     5.998   6.000E-01      13.992
  106   14 SI    6     4.211    -3.299     5.843   6.000E-01      14.003
  107   14 SI    6     0.309    -2.027     7.379   6.000E-01      14.040
  108   14 SI    6     2.931    -4.544     7.330   6.000E-01      14.005
  109   14 SI    6    -5.070     0.487     4.550   6.000E-01      14.013
  110   14 SI    6    -2.504     3.191     4.669   6.000E-01      13.992
  111   14 SI    6    -3.713     4.500     6.099   6.000E-01      14.000
  112   14 SI    6    -1.079     1.850     5.893   6.000E-01      13.994
  113   14 SI    6    -4.959     3.094     7.446   6.000E-01      13.975
  114   14 SI    6    -2.319     0.559     7.335   6.000E-01      14.016
  115   14 SI    6    -4.958    -4.733     4.614   6.000E-01      13.993
  116   14 SI    6    -2.324    -2.045     4.518   6.000E-01      14.001
  117   14 SI    6    -3.641    -0.720     5.910   6.000E-01      13.991
  118   14 SI    6    -1.041    -3.281     5.964   6.000E-01      13.981
  119   14 SI    6    -5.063    -1.957     7.239   6.000E-01      13.997
  120   14 SI    6    -2.229    -4.688     7.301   6.000E-01      14.050
  121   14 SI    6     1.663     1.992     8.546   6.000E-01      14.072
  122   14 SI    6     4.235     4.571     8.644   6.000E-01      14.014
  123   14 SI    6     1.568    -3.319     8.765   6.000E-01      14.010
  124   14 SI    6     4.252    -0.593     8.726   6.000E-01      14.060
  125   14 SI    6    -3.534     1.815     8.798   6.000E-01      14.061
  126   14 SI    6    -0.928     4.530     8.668   6.000E-01      13.905
  127   14 SI    6    -3.822    -3.479     8.342   6.000E-01      14.052
  128   14 SI    6    -0.878    -0.588     8.743   6.000E-01      14.095
  129   14 SI    6     0.518     0.784    10.125   6.000E-01      13.065
  130   14 SI    6     2.745     3.383    10.003   6.000E-01      13.831
  131   14 SI    6     0.996     5.182   -11.122   6.000E-01      11.978
  132   14 SI    6     2.737    -1.706    10.068   6.000E-01      13.076
  133   14 SI    6    -4.794     0.459    10.200   6.000E-01      13.057
  134   14 SI    6    -2.450     3.427    10.098   6.000E-01      13.794
  135   14 SI    6    -4.765    -4.765     9.984   6.000E-01      13.877
  136   14 SI    6    -2.277    -1.388    10.367   6.000E-01      12.597
  137  272 HF   11    -1.201     3.143   -10.374   2.055E-01       9.645
  138  272 HF   11    -4.236     5.084    -8.439   2.055E-01       9.516
  139  272 HF   11     1.850    -0.018    -8.665   2.055E-01       9.370
  140  272 HF   11    -1.808    -0.137    -9.373   2.055E-01       9.268
  141  272 HF   11     3.932     2.601   -10.421   2.055E-01       9.556
  142  272 HF   11     3.596    -4.157   -10.376   2.055E-01       9.301
  143  272 HF   11    -1.666    -3.954    -9.626   2.055E-01       9.188
  144  272 HF   11    -4.388    -2.588   -11.052   2.055E-01       9.477
  145  272 HF   11     5.049    -0.250    -8.508   2.055E-01       9.445
  146  272 HF   11     1.272     4.911    -8.015   2.055E-01       9.258
  147  272 HF   11    -4.051     1.525    -1.034   2.055E-01       9.316
  148  272 HF   11    -1.936     3.186    -3.429   2.055E-01       9.562
  149  272 HF   11     4.032    -3.245    -7.073   2.055E-01       9.563
  150  272 HF   11     3.446    -0.676    -1.796   2.055E-01       9.934
  151  272 HF   11     4.257    -3.117    -3.212   2.055E-01       9.717
  152  272 HF   11     1.030     3.891    -1.721   2.055E-01       9.304
  153  272 HF   11     0.443    -2.620    -6.875   2.055E-01       9.366
  154  272 HF   11     0.599    -3.152    -2.060   2.055E-01       9.597
  155  272 HF   11    -4.762     4.440    -5.112   2.055E-01       9.289
  156  272 HF   11    -3.423     1.406    -6.343   2.055E-01       9.416
  157  272 HF   11     1.965     4.891    -4.690   2.055E-01       9.408
  158  272 HF   11    -1.173    -0.933    -4.949   2.055E-01       9.594
  159  272 HF   11    -1.115     0.568    -1.712   2.055E-01       9.513
  160  272 HF   11     3.729     1.844    -3.597   2.055E-01       9.572
  161  272 HF   11    -2.615    -3.840    -3.589   2.055E-01       9.321
  162  272 HF   11     0.188     1.769    -4.939   2.055E-01       9.571
  163  272 HF   11     3.400     2.210    -6.968   2.055E-01       9.371
  164  272 HF   11    -1.927     4.721    -6.677   2.055E-01       9.439
  165  272 HF   11    -4.524    -0.605    -3.725   2.055E-01       9.655
  166  272 HF   11    -5.145     4.572    -1.644   2.055E-01       9.099
  167  272 HF   11    -3.025    -2.043    -7.092   2.055E-01       9.210
  168  272 HF   11     2.870    -0.602    -5.257   2.055E-01       9.526
 *******************************************************************************
 DE(K)                   0.000E+00  ENERGY LEVEL SHIFTING        0.00000
 TOTAL ENERGY -2.5512096343551E+04  CONVERGENCE ON ENER        1.828E-07
 KIN. ENERGY   2.4362691300835E+04  VIR. COEFF.           1.01221012E+00
 N. OF SCF CYCLES              140  FERMI ENERGY              -0.333E-01
 WEIGHT OF F(I) IN F(I+1)      97
 SHRINK. FACT.(MONKH.)     2  2  2  SHRINKING FACTOR(GILAT NET)        2
 NUMBER OF K POINTS IN THE IBZ   8  CELL VOLUME (A.U.)       16948.81508
 *******************************************************************************

 GCALCO - MAX INDICES DIRECT LATTICE VECTOR    19    19     8
 NO.OF VECTORS CREATED 6999 STARS 1064 RMAX   305.32186 BOHR

 DIMENSIONS  P(G)= 9568454 F(G)= 1693560 P(G),F(G) (IRR) 4793923
 MAX G-VECTOR INDEX FOR 1- AND 2-ELECTRON INTEGRALS  59


 CAPPA:IS1  2;IS2  2;IS3  2; K PTS MONK NET    8; SYMMOPS: K SPACE  2;G SPACE  1


 CAPPA:IS1  6;IS2  6;IS3  3; K PTS MONK NET   56; SYMMOPS: K SPACE  2;G SPACE  1

 *******************************************************************************
 RESTART WITH NEW K POINTS NET
 *******************************************************************************
 POINTS IN THE IBZ                  56 POINTS(GILAT NET)                56
 SHRINK FACTORS(MONK.)         6  6  3 SHRINK FACTOR(GILAT)              6
 *******************************************************************************
 *** K POINTS COORDINATES (OBLIQUE COORDINATES IN UNITS OF IS =  6)
   1-R(  0  0  0)   2-C(  1  0  0)   3-C(  2  0  0)   4-R(  3  0  0)
   5-C(  0  1  0)   6-C(  1  1  0)   7-C(  2  1  0)   8-C(  3  1  0)
   9-C(  4  1  0)  10-C(  5  1  0)  11-C(  0  2  0)  12-C(  1  2  0)
  13-C(  2  2  0)  14-C(  3  2  0)  15-C(  4  2  0)  16-C(  5  2  0)
  17-R(  0  3  0)  18-C(  1  3  0)  19-C(  2  3  0)  20-R(  3  3  0)
  21-C(  0  0  1)  22-C(  1  0  1)  23-C(  2  0  1)  24-C(  3  0  1)
  25-C(  4  0  1)  26-C(  5  0  1)  27-C(  0  1  1)  28-C(  1  1  1)
  29-C(  2  1  1)  30-C(  3  1  1)  31-C(  4  1  1)  32-C(  5  1  1)
  33-C(  0  2  1)  34-C(  1  2  1)  35-C(  2  2  1)  36-C(  3  2  1)
  37-C(  4  2  1)  38-C(  5  2  1)  39-C(  0  3  1)  40-C(  1  3  1)
  41-C(  2  3  1)  42-C(  3  3  1)  43-C(  4  3  1)  44-C(  5  3  1)
  45-C(  0  4  1)  46-C(  1  4  1)  47-C(  2  4  1)  48-C(  3  4  1)
  49-C(  4  4  1)  50-C(  5  4  1)  51-C(  0  5  1)  52-C(  1  5  1)
  53-C(  2  5  1)  54-C(  3  5  1)  55-C(  4  5  1)  56-C(  5  5  1)

 FERMI ENERGY AND DENSITY MATRIX CALCULATION ON COMPUTED EIGENVECTORS
 DENSITY MATRIX AT SCF CYCLE (140+1)

 POSSIBLY CONDUCTING STATE - EFERMI(AU) -3.3220298E-02 (RES. CHARGE  2.02E-10;IT. 12)

 CORE DENSITY MATRIX CALCULATION
 TTTTTTTTTTTTTTTTTTTTTTTTTTTTTT NEWK        TELAPSE    92350.89 TCPU   264731.18
 TTTTTTTTTTTTTTTTTTTTTTTTTTTTTT SETPRINT    TELAPSE    92350.89 TCPU   264731.18

 *******************************************************************************
 HYPERFINE ELECTRON-NUCLEAR SPIN INTERACTION TENSOR
 ANISOTROPIC COMPONENTS - THE TENSOR IS TRACELESS
 *******************************************************************************


 POINT   ATOM  MASS NO  NUCLEAR G FACTOR
    1    1 O      17      -0.7575220

 TENSOR IN ORIGINAL CARTESIAN AXES
 XX  2.075122E-07 YY  4.267696E-08 ZZ -2.501891E-07 XY  1.371049E-07 XZ  2.019234E-08 YZ  2.896616E-07

 TENSOR IN PRINCIPAL AXIS SYSTEM
 AA  3.435484E-07 BB  8.951913E-08 CC -4.330675E-07

 PRINCIPAL AXES
         X             Y             Z
 A  6.922025E-01  6.389853E-01  3.354898E-01
 B -7.174532E-01  5.588813E-01  4.158277E-01
 C  7.820887E-02 -5.285352E-01  8.453011E-01

 ANGLES BETWEEN PRINCIPAL AXES AND ORIGINAL AXES (DEGREES)
         X             Y             Z
 A     46.195288     50.283800     70.397675
 B    135.844607     56.021536     65.428546
 C     85.514381    121.906539     32.295793


 POINT   ATOM  MASS NO  NUCLEAR G FACTOR
    2    2 O      17      -0.7575220

 TENSOR IN ORIGINAL CARTESIAN AXES
 XX -1.649329E-07 YY  8.182515E-09 ZZ  1.567504E-07 XY -2.483659E-07 XZ  7.416050E-09 YZ -1.315176E-07

 TENSOR IN PRINCIPAL AXIS SYSTEM
 AA -3.515297E-07 BB  2.865030E-07 CC  6.502664E-08

 PRINCIPAL AXES
         X             Y             Z
 A  7.895185E-01  5.967103E-01  1.435181E-01
 B -3.729426E-01  6.521824E-01 -6.599788E-01
 C -4.874161E-01  4.675414E-01  7.374487E-01

 ANGLES BETWEEN PRINCIPAL AXES AND ORIGINAL AXES (DEGREES)
         X             Y             Z
 A     37.859465     53.365350     81.748528
 B    111.897209     49.293653    131.298254
 C    119.170887     62.125176     42.485464


 POINT   ATOM  MASS NO  NUCLEAR G FACTOR
    3    3 O      17      -0.7575220

 TENSOR IN ORIGINAL CARTESIAN AXES
 XX -1.353231E-07 YY  1.027114E-07 ZZ  3.261176E-08 XY -2.242851E-07 XZ  2.492801E-07 YZ  1.309631E-07

 TENSOR IN PRINCIPAL AXIS SYSTEM
 AA -4.382052E-07 BB  2.423526E-07 CC  1.958526E-07

 PRINCIPAL AXES
         X             Y             Z
 A  7.420310E-01  4.318903E-01 -5.126995E-01
 B -6.192382E-01  7.345515E-01 -2.774496E-01
 C  2.567764E-01  5.233593E-01  8.125029E-01

 ANGLES BETWEEN PRINCIPAL AXES AND ORIGINAL AXES (DEGREES)
         X             Y             Z
 A     42.095287     64.412418    120.843812
 B    128.260522     42.730672    106.108047
 C     75.121129     58.442142     35.658805


 POINT   ATOM  MASS NO  NUCLEAR G FACTOR
    4    4 O      17      -0.7575220

 TENSOR IN ORIGINAL CARTESIAN AXES
 XX -4.073205E-07 YY  2.075348E-07 ZZ  1.997858E-07 XY  5.666158E-08 XZ  8.106246E-08 YZ -5.454954E-07

 TENSOR IN PRINCIPAL AXIS SYSTEM
 AA -4.775363E-07 BB  7.494185E-07 CC -2.718822E-07

 PRINCIPAL AXES
         X             Y             Z
 A  8.118753E-01 -4.033457E-01 -4.221027E-01
 B -1.472690E-02  7.086097E-01 -7.054469E-01
 C  5.836451E-01  5.789512E-01  5.693627E-01

 ANGLES BETWEEN PRINCIPAL AXES AND ORIGINAL AXES (DEGREES)
         X             Y             Z
 A     35.720437    113.787500    114.967413
 B     90.843820     44.878090    134.865663
 C     54.292672     54.623188     55.294202


 POINT   ATOM  MASS NO  NUCLEAR G FACTOR
    5    5 O      17      -0.7575220

 TENSOR IN ORIGINAL CARTESIAN AXES
 XX  2.710308E-07 YY -2.693453E-07 ZZ -1.685438E-09 XY -1.123822E-07 XZ  1.813775E-07 YZ  2.391741E-07

 TENSOR IN PRINCIPAL AXIS SYSTEM
 AA  3.616714E-07 BB -4.594113E-07 CC  9.773988E-08

 PRINCIPAL AXES
         X             Y             Z
 A  8.914789E-01  1.416535E-02  4.528406E-01
 B  2.575891E-01  8.063985E-01 -5.323245E-01
 C -3.727105E-01  5.912029E-01  7.152384E-01

 ANGLES BETWEEN PRINCIPAL AXES AND ORIGINAL AXES (DEGREES)
         X             Y             Z
 A     26.940317     89.188358     63.073918
 B     75.072945     36.254472    122.162648
 C    111.882880     53.757583     44.337259


 POINT   ATOM  MASS NO  NUCLEAR G FACTOR
    6    6 O      17      -0.7575220

 TENSOR IN ORIGINAL CARTESIAN AXES
 XX  1.797960E-07 YY  1.138277E-07 ZZ -2.936237E-07 XY  8.607065E-08 XZ -3.235655E-08 YZ -1.545621E-07

 TENSOR IN PRINCIPAL AXIS SYSTEM
 AA  2.649276E-07 BB  8.065983E-08 CC -3.455874E-07

 PRINCIPAL AXES
         X             Y             Z
 A  7.333227E-01  6.401071E-01 -2.291303E-01
 B -6.797339E-01  6.972764E-01 -2.275245E-01
 C  1.412705E-02  3.225965E-01  9.464311E-01

 ANGLES BETWEEN PRINCIPAL AXES AND ORIGINAL AXES (DEGREES)
         X             Y             Z
 A     42.834324     50.200192    103.245872
 B    132.822856     45.791106    103.151374
 C     89.190552     71.179976     18.838740


 POINT   ATOM  MASS NO  NUCLEAR G FACTOR
    7    7 O      17      -0.7575220

 TENSOR IN ORIGINAL CARTESIAN AXES
 XX -1.202831E-07 YY -1.204672E-07 ZZ  2.407502E-07 XY -4.820599E-08 XZ -7.081766E-08 YZ  1.109737E-07

 TENSOR IN PRINCIPAL AXIS SYSTEM
 AA -1.164143E-07 BB -1.718727E-07 CC  2.882870E-07

 PRINCIPAL AXES
         X             Y             Z
 A  7.833440E-01 -5.258035E-01  3.315159E-01
 B  5.867381E-01  8.015550E-01 -1.150997E-01
 C -2.052084E-01  2.846757E-01  9.364023E-01

 ANGLES BETWEEN PRINCIPAL AXES AND ORIGINAL AXES (DEGREES)
         X             Y             Z
 A     38.432219    121.722351     70.639192
 B     54.074124     36.721148     96.609377
 C    101.841697     73.460536     20.544109


 POINT   ATOM  MASS NO  NUCLEAR G FACTOR
    8    8 O      17      -0.7575220

 TENSOR IN ORIGINAL CARTESIAN AXES
 XX -3.017304E-08 YY  1.293368E-07 ZZ -9.916376E-08 XY  1.577817E-07 XZ -1.372198E-07 YZ -7.855702E-08

 TENSOR IN PRINCIPAL AXIS SYSTEM
 AA -2.113413E-07 BB  2.791799E-07 CC -6.783855E-08

 PRINCIPAL AXES
         X             Y             Z
 A  6.761054E-01 -1.441210E-01  7.225723E-01
 B  5.506020E-01  7.504963E-01 -3.655035E-01
 C -4.896111E-01  6.449686E-01  5.867679E-01

 ANGLES BETWEEN PRINCIPAL AXES AND ORIGINAL AXES (DEGREES)
         X             Y             Z
 A     47.459953     98.286380     43.732738
 B     56.591680     41.366613    111.438571
 C    119.315023     49.836681     54.072020


 POINT   ATOM  MASS NO  NUCLEAR G FACTOR
    9    9 O      17      -0.7575220

 TENSOR IN ORIGINAL CARTESIAN AXES
 XX  2.207303E-07 YY  5.014599E-07 ZZ -7.221902E-07 XY  4.796817E-07 XZ -7.487328E-08 YZ -4.287535E-07

 TENSOR IN PRINCIPAL AXIS SYSTEM
 AA -8.955002E-08 BB  9.527290E-07 CC -8.631790E-07

 PRINCIPAL AXES
         X             Y             Z
 A  8.316273E-01 -5.004523E-01  2.407147E-01
 B  5.499210E-01  8.025094E-01 -2.314423E-01
 C -7.734995E-02  3.248478E-01  9.425979E-01

 ANGLES BETWEEN PRINCIPAL AXES AND ORIGINAL AXES (DEGREES)
         X             Y             Z
 A     33.733736    120.029929     76.071275
 B     56.638410     36.629592    103.382003
 C     94.436257     71.043645     19.507473


 POINT   ATOM  MASS NO  NUCLEAR G FACTOR
   10   10 O      17      -0.7575220

 TENSOR IN ORIGINAL CARTESIAN AXES
 XX -1.965723E-07 YY  3.061478E-07 ZZ -1.095755E-07 XY -3.197242E-08 XZ  1.447480E-07 YZ -3.625334E-07

 TENSOR IN PRINCIPAL AXIS SYSTEM
 AA -3.863735E-07 BB  5.302747E-07 CC -1.439011E-07

 PRINCIPAL AXES
         X             Y             Z
 A  5.212499E-01 -3.767145E-01 -7.657576E-01
 B -1.392182E-01  8.477420E-01 -5.118123E-01
 C  8.419720E-01  3.733895E-01  3.894399E-01

 ANGLES BETWEEN PRINCIPAL AXES AND ORIGINAL AXES (DEGREES)
         X             Y             Z
 A     58.583869    112.130320    139.974438
 B     98.002610     32.033084    120.784623
 C     32.651055     68.075189     67.080346


 POINT   ATOM  MASS NO  NUCLEAR G FACTOR
   11   11 O      17      -0.7575220

 TENSOR IN ORIGINAL CARTESIAN AXES
 XX -5.201691E-08 YY  3.975910E-07 ZZ -3.455741E-07 XY  3.085089E-07 XZ  3.355905E-07 YZ -1.564366E-08

 TENSOR IN PRINCIPAL AXIS SYSTEM
 AA  2.281396E-08 BB  5.782468E-07 CC -6.010607E-07

 PRINCIPAL AXES
         X             Y             Z
 A  6.242009E-01 -4.927446E-01  6.062805E-01
 B  5.037743E-01  8.469987E-01  1.697196E-01
 C -5.971472E-01  1.994893E-01  7.769294E-01

 ANGLES BETWEEN PRINCIPAL AXES AND ORIGINAL AXES (DEGREES)
         X             Y             Z
 A     51.376442    119.521138     52.678960
 B     59.749982     32.113287     80.228481
 C    126.665853     78.492902     39.019716


 POINT   ATOM  MASS NO  NUCLEAR G FACTOR
   12   12 O      17      -0.7575220

 TENSOR IN ORIGINAL CARTESIAN AXES
 XX  3.414797E-07 YY -4.421239E-07 ZZ  1.006442E-07 XY  1.275459E-07 XZ -3.748466E-07 YZ -6.324385E-08

 TENSOR IN PRINCIPAL AXIS SYSTEM
 AA  6.330959E-07 BB -4.623617E-07 CC -1.707343E-07

 PRINCIPAL AXES
         X             Y             Z
 A  8.038198E-01  1.275424E-01 -5.810393E-01
 B -1.567100E-01  9.876447E-01  0.000000E+00
 C  5.738604E-01  9.105467E-02  8.138755E-01

 ANGLES BETWEEN PRINCIPAL AXES AND ORIGINAL AXES (DEGREES)
         X             Y             Z
 A     36.503571     82.672399    125.523676
 B     99.015984      9.015984     90.000000
 C     54.980137     84.775716     35.523676


 POINT   ATOM  MASS NO  NUCLEAR G FACTOR
   13   13 O      17      -0.7575220

 TENSOR IN ORIGINAL CARTESIAN AXES
 XX  1.115318E-07 YY  1.322434E-07 ZZ -2.437752E-07 XY  1.833971E-08 XZ -1.205880E-07 YZ -2.118878E-08

 TENSOR IN PRINCIPAL AXIS SYSTEM
 AA  1.657073E-07 BB  1.156647E-07 CC -2.813720E-07

 PRINCIPAL AXES
         X             Y             Z
 A  7.723166E-01  5.806703E-01 -2.575829E-01
 B -5.643079E-01  8.133406E-01  1.415404E-01
 C  2.916910E-01  3.604206E-02  9.558333E-01

 ANGLES BETWEEN PRINCIPAL AXES AND ORIGINAL AXES (DEGREES)
         X             Y             Z
 A     39.437621     54.502296    104.926691
 B    124.354243     35.576387     81.863006
 C     73.040780     87.934495     17.092145


 POINT   ATOM  MASS NO  NUCLEAR G FACTOR
   14   14 O      17      -0.7575220

 TENSOR IN ORIGINAL CARTESIAN AXES
 XX  1.955986E-07 YY  4.793458E-07 ZZ -6.749444E-07 XY -3.204702E-07 XZ -1.784922E-07 YZ  3.368641E-07

 TENSOR IN PRINCIPAL AXIS SYSTEM
 AA -1.156218E-08 BB  7.865848E-07 CC -7.750227E-07

 PRINCIPAL AXES
         X             Y             Z
 A  8.432558E-01  5.358714E-01  4.197071E-02
 B -5.279959E-01  8.111688E-01  2.514468E-01
 C  1.006978E-01 -2.341943E-01  9.669607E-01

 ANGLES BETWEEN PRINCIPAL AXES AND ORIGINAL AXES (DEGREES)
         X             Y             Z
 A     32.514464     57.596974     87.594549
 B    121.870144     35.789712     75.436860
 C     84.220646    103.544134     14.769171


 POINT   ATOM  MASS NO  NUCLEAR G FACTOR
   15   15 O      17      -0.7575220

 TENSOR IN ORIGINAL CARTESIAN AXES
 XX -2.435915E-07 YY  5.344699E-07 ZZ -2.908784E-07 XY -2.990300E-07 XZ  6.216446E-08 YZ -2.537494E-08

 TENSOR IN PRINCIPAL AXIS SYSTEM
 AA -3.760790E-07 BB  6.382087E-07 CC -2.621297E-07

 PRINCIPAL AXES
         X             Y             Z
 A  8.198285E-01  2.551652E-01 -5.126129E-01
 B -3.237986E-01  9.449333E-01 -4.749235E-02
 C  4.722666E-01  2.049189E-01  8.573054E-01

 ANGLES BETWEEN PRINCIPAL AXES AND ORIGINAL AXES (DEGREES)
         X             Y             Z
 A     34.932372     75.216624    120.838029
 B    108.892804     19.102733     92.722135
 C     61.818474     78.175248     30.984635


 POINT   ATOM  MASS NO  NUCLEAR G FACTOR
   16   16 O      17      -0.7575220

 TENSOR IN ORIGINAL CARTESIAN AXES
 XX -2.762057E-07 YY  2.577458E-06 ZZ -2.301253E-06 XY -2.312771E-07 XZ  3.530660E-06 YZ  2.485421E-07

 TENSOR IN PRINCIPAL AXIS SYSTEM
 AA  2.378493E-06 BB  2.598308E-06 CC -4.976801E-06

 PRINCIPAL AXES
         X             Y             Z
 A  7.837718E-01  1.616507E-01  5.996423E-01
 B -1.557504E-01  9.858371E-01 -6.218458E-02
 C -6.012018E-01 -4.465602E-02  7.978485E-01

 ANGLES BETWEEN PRINCIPAL AXES AND ORIGINAL AXES (DEGREES)
         X             Y             Z
 A     38.392776     80.697277     53.155718
 B     98.960321      9.654435     93.565214
 C    126.956020     92.559452     37.074864


 POINT   ATOM  MASS NO  NUCLEAR G FACTOR
   17   17 O      17      -0.7575220

 TENSOR IN ORIGINAL CARTESIAN AXES
 XX  1.372788E-06 YY -1.415367E-07 ZZ -1.231251E-06 XY -1.633363E-07 XZ -9.750547E-07 YZ  1.001347E-06

 TENSOR IN PRINCIPAL AXIS SYSTEM
 AA  1.825894E-06 BB  1.779060E-07 CC -2.003800E-06

 PRINCIPAL AXES
         X             Y             Z
 A  8.904636E-01 -2.638779E-01 -3.707332E-01
 B  3.935739E-01  8.555426E-01  3.363724E-01
 C  2.284168E-01 -4.454382E-01  8.656850E-01

 ANGLES BETWEEN PRINCIPAL AXES AND ORIGINAL AXES (DEGREES)
         X             Y             Z
 A     27.068444    105.300290    111.760840
 B     66.822938     31.180265     70.343987
 C     76.796121    116.451381     30.038983


 POINT   ATOM  MASS NO  NUCLEAR G FACTOR
   18   18 O      17      -0.7575220

 TENSOR IN ORIGINAL CARTESIAN AXES
 XX  4.568655E-07 YY -1.344846E-07 ZZ -3.223809E-07 XY -8.828701E-08 XZ  1.278542E-07 YZ  7.384010E-08

 TENSOR IN PRINCIPAL AXIS SYSTEM
 AA  4.866262E-07 BB -1.115533E-07 CC -3.750729E-07

 PRINCIPAL AXES
         X             Y             Z
 A  9.819696E-01 -1.224593E-01  1.440119E-01
 B  6.266895E-02  9.296130E-01  3.631696E-01
 C -1.783489E-01 -3.475965E-01  9.205261E-01

 ANGLES BETWEEN PRINCIPAL AXES AND ORIGINAL AXES (DEGREES)
         X             Y             Z
 A     10.896702     97.034057     81.719934
 B     86.406979     21.625424     68.705017
 C    100.273601    110.340375     22.996878


 POINT   ATOM  MASS NO  NUCLEAR G FACTOR
   19   19 O      17      -0.7575220

 TENSOR IN ORIGINAL CARTESIAN AXES
 XX -6.124188E-06 YY  1.126255E-05 ZZ -5.138359E-06 XY  2.660069E-06 XZ -1.513450E-06 YZ -3.680154E-06

 TENSOR IN PRINCIPAL AXIS SYSTEM
 AA -7.222977E-06 BB  1.250858E-05 CC -5.285600E-06

 PRINCIPAL AXES
         X             Y             Z
 A  8.082602E-01  9.303774E-04  5.888247E-01
 B  1.550896E-01  9.643524E-01 -2.144101E-01
 C -5.680340E-01  2.646198E-01  7.793034E-01

 ANGLES BETWEEN PRINCIPAL AXES AND ORIGINAL AXES (DEGREES)
         X             Y             Z
 A     36.073705     89.946693     53.926347
 B     81.078006     15.344458    102.380923
 C    124.613246     74.655639     38.803165


 POINT   ATOM  MASS NO  NUCLEAR G FACTOR
   20   20 O      17      -0.7575220

 TENSOR IN ORIGINAL CARTESIAN AXES
 XX  4.304298E-07 YY -8.828322E-07 ZZ  4.524024E-07 XY  5.779189E-07 XZ  1.551733E-06 YZ  6.700740E-07

 TENSOR IN PRINCIPAL AXIS SYSTEM
 AA  2.242573E-06 BB -1.060606E-06 CC -1.181966E-06

 PRINCIPAL AXES
         X             Y             Z
 A  6.746572E-01  2.719438E-01  6.862100E-01
 B -6.700254E-01  6.156631E-01  4.147588E-01
 C -3.096831E-01 -7.395982E-01  5.975708E-01

 ANGLES BETWEEN PRINCIPAL AXES AND ORIGINAL AXES (DEGREES)
         X             Y             Z
 A     47.572464     74.220030     46.669157
 B    132.069025     51.999880     65.495870
 C    108.040133    137.697198     53.303880


 POINT   ATOM  MASS NO  NUCLEAR G FACTOR
   21   21 O      17      -0.7575220

 TENSOR IN ORIGINAL CARTESIAN AXES
 XX  9.499165E-08 YY  3.511978E-07 ZZ -4.461895E-07 XY -1.231191E-07 XZ -9.337421E-08 YZ -1.973975E-07

 TENSOR IN PRINCIPAL AXIS SYSTEM
 AA  8.788990E-08 BB  4.279996E-07 CC -5.158895E-07

 PRINCIPAL AXES
         X             Y             Z
 A  9.329962E-01  2.438849E-01 -2.646474E-01
 B -2.964546E-01  9.377479E-01 -1.809519E-01
 C  2.040411E-01  2.472833E-01  9.472160E-01

 ANGLES BETWEEN PRINCIPAL AXES AND ORIGINAL AXES (DEGREES)
         X             Y             Z
 A     21.093210     75.884055    105.346004
 B    107.244782     20.323281    100.425208
 C     78.226627     75.683187     18.698976


 POINT   ATOM  MASS NO  NUCLEAR G FACTOR
   22   22 O      17      -0.7575220

 TENSOR IN ORIGINAL CARTESIAN AXES
 XX  1.723790E-07 YY  1.960835E-07 ZZ -3.684624E-07 XY -6.212047E-09 XZ -2.159536E-08 YZ -8.882019E-08

 TENSOR IN PRINCIPAL AXIS SYSTEM
 AA  1.732734E-07 BB  2.097278E-07 CC -3.830012E-07

 PRINCIPAL AXES
         X             Y             Z
 A  9.991957E-01 -6.088512E-03 -3.963421E-02
 B  0.000000E+00  9.884056E-01 -1.518365E-01
 C  4.009914E-02  1.517144E-01  9.876107E-01

 ANGLES BETWEEN PRINCIPAL AXES AND ORIGINAL AXES (DEGREES)
         X             Y             Z
 A      2.298127     90.348848     92.271468
 B     90.000000      8.733369     98.733369
 C     87.701873     81.273710      9.028408


 POINT   ATOM  MASS NO  NUCLEAR G FACTOR
   23   23 O      17      -0.7575220

 TENSOR IN ORIGINAL CARTESIAN AXES
 XX  9.882304E-08 YY -7.309233E-08 ZZ -2.573071E-08 XY -2.792926E-08 XZ  2.569470E-07 YZ -5.080831E-10

 TENSOR IN PRINCIPAL AXIS SYSTEM
 AA  3.022534E-07 BB -7.258700E-08 CC -2.296664E-07

 PRINCIPAL AXES
         X             Y             Z
 A  7.846081E-01 -5.921765E-02  6.171575E-01
 B -2.038808E-02  9.924254E-01  1.211453E-01
 C -6.196567E-01 -1.076343E-01  7.774577E-01

 ANGLES BETWEEN PRINCIPAL AXES AND ORIGINAL AXES (DEGREES)
         X             Y             Z
 A     38.315553     93.394908     51.891143
 B     91.168232      7.056552     83.041792
 C    128.291071     96.178959     38.971613


 POINT   ATOM  MASS NO  NUCLEAR G FACTOR
   24   24 O      17      -0.7575220

 TENSOR IN ORIGINAL CARTESIAN AXES
 XX  8.948046E-07 YY -2.233082E-07 ZZ -6.714963E-07 XY -5.663857E-07 XZ -1.651242E-07 YZ -7.574523E-08

 TENSOR IN PRINCIPAL AXIS SYSTEM
 AA  1.139943E-06 BB -3.972399E-07 CC -7.427030E-07

 PRINCIPAL AXES
         X             Y             Z
 A  9.205043E-01 -3.848017E-01 -6.781937E-02
 B  3.221678E-01  8.456677E-01 -4.255045E-01
 C  2.210875E-01  3.698295E-01  9.024115E-01

 ANGLES BETWEEN PRINCIPAL AXES AND ORIGINAL AXES (DEGREES)
         X             Y             Z
 A     23.000078    112.631428     93.888748
 B     71.205922     32.256457    115.182599
 C     77.227086     68.294898     25.523121


 POINT   ATOM  MASS NO  NUCLEAR G FACTOR
   25   25 O      17      -0.7575220

 TENSOR IN ORIGINAL CARTESIAN AXES
 XX  4.457852E-06 YY  1.089417E-06 ZZ -5.547269E-06 XY  8.199685E-06 XZ  4.245209E-06 YZ  2.408351E-06

 TENSOR IN PRINCIPAL AXIS SYSTEM
 AA  1.243484E-05 BB -5.215654E-06 CC -7.219189E-06

 PRINCIPAL AXES
         X             Y             Z
 A  7.558986E-01  6.012863E-01  2.589828E-01
 B -4.726021E-01  7.749061E-01 -4.197234E-01
 C -4.530613E-01  1.948725E-01  8.699196E-01

 ANGLES BETWEEN PRINCIPAL AXES AND ORIGINAL AXES (DEGREES)
         X             Y             Z
 A     40.896049     53.037925     74.990286
 B    118.203337     39.203477    114.817127
 C    116.940264     78.762722     29.550699


 POINT   ATOM  MASS NO  NUCLEAR G FACTOR
   26   26 O      17      -0.7575220

 TENSOR IN ORIGINAL CARTESIAN AXES
 XX -1.021115E-07 YY -4.128594E-07 ZZ  5.149709E-07 XY -2.100844E-06 XZ  1.332554E-06 YZ -2.746673E-06

 TENSOR IN PRINCIPAL AXIS SYSTEM
 AA  4.178293E-06 BB -3.018067E-06 CC -1.160227E-06

 PRINCIPAL AXES
         X             Y             Z
 A  4.912333E-01 -6.018655E-01  6.296410E-01
 B  3.525314E-01  7.983986E-01  4.881407E-01
 C -7.964995E-01 -1.782272E-02  6.043764E-01

 ANGLES BETWEEN PRINCIPAL AXES AND ORIGINAL AXES (DEGREES)
         X             Y             Z
 A     60.578328    127.003620     50.976356
 B     69.357777     37.022551     60.781552
 C    142.797122     91.021221     52.816019


 POINT   ATOM  MASS NO  NUCLEAR G FACTOR
   27   27 O      17      -0.7575220

 TENSOR IN ORIGINAL CARTESIAN AXES
 XX -1.579548E-07 YY  2.319532E-07 ZZ -7.399838E-08 XY  7.794371E-08 XZ  8.019100E-08 YZ  1.029313E-07

 TENSOR IN PRINCIPAL AXIS SYSTEM
 AA -2.070050E-07 BB  2.853655E-07 CC -7.836049E-08

 PRINCIPAL AXES
         X             Y             Z
 A  8.687019E-01 -3.808575E-02 -4.938690E-01
 B  2.206136E-01  9.224386E-01  3.169174E-01
 C  4.434938E-01 -3.842609E-01  8.097264E-01

 ANGLES BETWEEN PRINCIPAL AXES AND ORIGINAL AXES (DEGREES)
         X             Y             Z
 A     29.691863     92.182681    119.595195
 B     77.254925     22.714765     71.523395
 C     63.672990    112.597867     35.930793


 POINT   ATOM  MASS NO  NUCLEAR G FACTOR
   28   28 O      17      -0.7575220

 TENSOR IN ORIGINAL CARTESIAN AXES
 XX  1.303647E-07 YY  7.235079E-08 ZZ -2.027155E-07 XY  4.253492E-08 XZ -6.532858E-08 YZ  1.149116E-07

 TENSOR IN PRINCIPAL AXIS SYSTEM
 AA  1.528420E-07 BB  1.063528E-07 CC -2.591947E-07

 PRINCIPAL AXES
         X             Y             Z
 A  8.841422E-01  4.672178E-01  0.000000E+00
 B -4.296103E-01  8.129755E-01  3.930723E-01
 C  1.836504E-01 -3.475318E-01  9.195076E-01

 ANGLES BETWEEN PRINCIPAL AXES AND ORIGINAL AXES (DEGREES)
         X             Y             Z
 A     27.853851     62.146149     90.000000
