
         
 *******************************************************************************
 *                                                                             *
 *                                CRYSTAL09                                    *
 *                              public : 2.0                                   *
 *                      December 10th, 2012 - sequential executable            *
 *                                                                             *
 *                                                                             *
 *                                                                             *
 *                              MAIN AUTHORS                                   *
 *                                                                             *
 *    R. DOVESI(1,10), V.R. SAUNDERS(2), C. ROETTI(1,10), R. ORLANDO (1,3),    *
 *  C.M. ZICOVICH-WILSON(1,4), F. PASCALE(5), B. CIVALLERI(1,10), K. DOLL(6),  *
 *       N.M. HARRISON(2,7), I. J. BUSH(2), Ph. D'ARCO(8), M. LLUNELL(9)       *
 *                                                                             *
 * (1) THEORETICAL CHEMISTRY GROUP - UNIVERSITA' DI TORINO - TORINO (ITALY)    *
 *      http://www.crystal.unito.it                                            *
 * (2) COMPUTATIONAL SCIENCE & ENGINEERING DEPARTMENT - CCLRC DARESBURY (UK)   *
 *     http://www.cse.clrc.ac.uk/cmg/CRYSTAL/                                  *
 * (3) UNIVERSITA' DEL PIEMONTE ORIENTALE - ALESSANDRIA (ITALY)                *
 * (4) UNIVERSIDAD AUTONOMA DEL ESTADO DE MORELOS - CUERNAVACA (MEXICO)        *
 * (5) UNIVERSITE' HENRI POINCARE' - NANCY (FRANCE)                            *
 * (6) MPI FUER FESTKOERPERFORSCHUNG - STUTTGART (GERMANY)                     *
 * (7) IMPERIAL COLLEGE - LONDON (UK)                                          *
 * (8) UNIVERSITE' PIERRE ET MARIE CURIE - PARIS (FRANCE)                      *
 * (9) UNIVERSIDAD DE BARCELONA - BARCELONA (SPAIN)                            *
 *(10) NIS - NANOSTRUCTURED INTERFACES AND SURFACES - TORINO (ITALY)           *
 *     http://www.crystal.unito.it                                             *
 *******************************************************************************
 EEEEEEEEEE STARTING  DATE 11 05 2015 TIME 10:55:57.2

 *******************************************************************************
 Created with astools                                                            
 CRYSTAL - PROPERTIES - TYPE OF CALCULATION :  UNRESTRICTED OPEN SHELL
 *******************************************************************************
 SPIN POLARIZED SYSTEM: SUMMED SPIN DENSITY    0.00000000

 KOHN-SHAM HAMILTONIAN

 (EXCHANGE)[CORRELATION] FUNCTIONAL:(BECKE)[LEE-YANG-PARR]

 NON-LOCAL WEIGHTING FACTOR (EXCHANGE) =           0.9000
 NON-LOCAL WEIGHTING FACTOR [CORRELATION] =        0.8100

 HYBRID EXCHANGE - PERCENTAGE OF FOCK EXCHANGE     5.0000

 SPIN POLARIZED DFT SELECTED

 DIRECT LATTICE VECTOR COMPONENTS (ANGSTROM)
        11.09810    0.00000    0.00000
         0.00000   10.18390    0.00000
         0.00000    0.00000   21.68540

 LATTICE PARAMETERS  (ANGSTROM AND DEGREES) - PRIMITIVE CELL
       A          B          C         ALPHA      BETA     GAMMA        VOLUME
   11.09810   10.18390   21.68540     47.6259   47.6259   47.6259    2450.92599
 *******************************************************************************
 N. OF ATOMS PER CELL      148  COULOMB OVERLAP TOL         (T1) 10** -8
 NUMBER OF SHELLS          776  COULOMB PENETRATION TOL     (T2) 10** -8
 NUMBER OF AO             2752  EXCHANGE OVERLAP TOL        (T3) 10** -8
 N. OF ELECTRONS PER CELL 1736  EXCHANGE PSEUDO OVP (F(G))  (T4) 10** -8
 CORE ELECTRONS PER CELL  1032  EXCHANGE PSEUDO OVP (P(G))  (T5) 10**-16
 N. OF SYMMETRY OPERATORS    1  POLE ORDER IN MONO ZONE                4
 *******************************************************************************
   ATOM N.AT.  SHELL    X(A)      Y(A)      Z(A)      EXAD       N.ELECT.
 *******************************************************************************
    1    8 O     4    -4.813    -1.419    -7.728   1.900E-01       8.596
    2    8 O     4     3.682     2.790    -8.039   1.900E-01       8.590
    3    8 O     4    -3.543     2.230   -10.017   1.900E-01       8.598
    4    8 O     4     3.712    -4.790    -8.767   1.900E-01       8.646
    5    8 O     4    -3.786     0.828    -6.860   1.900E-01       8.623
    6    8 O     4    -2.345    -3.988    -9.444   1.900E-01       8.631
    7    8 O     4    -4.361    -4.990    -8.249   1.900E-01       8.789
    8    8 O     4     4.808    -0.670   -10.027   1.900E-01       8.536
    9    8 O     4     1.756     0.994   -10.354   1.900E-01       8.628
   10    8 O     4     1.054     2.273    -8.205   1.900E-01       8.659
   11    8 O     4    -3.684    -0.453    -9.880   1.900E-01       8.714
   12    8 O     4    -1.733     0.624    -8.766   1.900E-01       8.686
   13    8 O     4    -0.717    -4.891    -7.641   1.900E-01       8.673
   14    8 O     4     5.459     3.673    -9.898   1.900E-01       8.815
   15    8 O     4     3.079     3.321   -10.577   1.900E-01       8.683
   16    8 O     4     3.288    -1.962    -7.748   1.900E-01       8.701
   17    8 O     4    -4.933    -2.868    -9.716   1.900E-01       8.526
   18    8 O     4     2.032    -3.133    -9.829   1.900E-01       8.649
   19    8 O     4    -1.257    -2.044    -8.415   1.900E-01       8.776
   20    8 O     4     0.460     3.486    -1.198   1.900E-01       8.525
   21    8 O     4     2.186     3.418    -5.963   1.900E-01       8.645
   22    8 O     4     1.525     4.522    -3.367   1.900E-01       8.813
   23    8 O     4     5.197     1.878    -4.107   1.900E-01       8.640
   24    8 O     4    -4.333     1.366    -2.174   1.900E-01       8.669
   25    8 O     4    -2.778     4.658    -6.113   1.900E-01       8.550
   26    8 O     4    -0.883    -2.101    -1.166   1.900E-01       8.631
   27    8 O     4     5.024    -3.457    -3.247   1.900E-01       8.731
   28    8 O     4     1.687    -4.042    -5.358   1.900E-01       8.613
   29    8 O     4    -4.643    -3.739    -5.976   1.900E-01       8.562
   30    8 O     4     5.449    -0.800    -2.936   1.900E-01       8.589
   31    8 O     4    -1.422    -0.079    -6.362   1.900E-01       8.668
   32    8 O     4     0.453    -2.270    -6.564   1.900E-01       8.581
   33    8 O     4    -4.272    -1.256    -5.173   1.900E-01       8.558
   34    8 O     4    -2.185    -2.616    -5.875   1.900E-01       8.548
   35    8 O     4    -1.633     1.628    -1.443   1.900E-01       8.619
   36    8 O     4    -0.214     4.135    -5.423   1.900E-01       8.708
   37    8 O     4    -2.395     2.304    -3.823   1.900E-01       8.641
   38    8 O     4     4.088    -2.450    -1.052   1.900E-01       8.601
   39    8 O     4    -4.525    -4.265    -1.277   1.900E-01       8.628
   40    8 O     4     0.235     1.916    -3.275   1.900E-01       8.657
   41    8 O     4    -3.182     3.611    -1.420   1.900E-01       8.605
   42    8 O     4     3.827     0.930    -2.018   1.900E-01       8.676
   43    8 O     4     4.711    -0.113    -6.256   1.900E-01       8.637
   44    8 O     4    -5.346     3.872    -5.972   1.900E-01       8.556
   45    8 O     4     0.927     0.916    -0.931   1.900E-01       8.705
   46    8 O     4     2.552    -1.451    -5.228   1.900E-01       8.588
   47    8 O     4    -4.755     4.347    -3.448   1.900E-01       8.658
   48    8 O     4    -3.501    -3.427    -3.657   1.900E-01       8.489
   49    8 O     4    -1.096    -5.000    -2.737   1.900E-01       8.457
   50    8 O     4     3.863     4.122    -4.024   1.900E-01       8.710
   51    8 O     4     0.899    -4.124    -1.087   1.900E-01       8.795
   52    8 O     4     1.737    -1.529    -0.957   1.900E-01       8.843
   53    8 O     4     1.248    -2.765    -3.211   1.900E-01       8.719
   54    8 O     4    -0.210    -1.440    -4.496   1.900E-01       8.613
   55    8 O     4    -1.689     2.630    -7.182   1.900E-01       8.669
   56    8 O     4     2.448     0.678    -6.893   1.900E-01       8.756
   57   14 SI    6     0.604     0.303     0.649   6.000E-01      13.553
   58   14 SI    6     3.675     3.089     0.268   6.000E-01      13.837
   59   14 SI    6     2.339     4.254     1.805   6.000E-01      14.092
   60   14 SI    6     4.991     1.850     1.835   6.000E-01      14.178
   61   14 SI    6     0.835     3.079     3.191   6.000E-01      14.007
   62   14 SI    6     3.598     0.599     3.283   6.000E-01      13.991
   63   14 SI    6     2.136     1.828     4.707   6.000E-01      13.988
   64   14 SI    6     4.977     4.412     4.661   6.000E-01      13.987
   65   14 SI    6     1.408    -4.078     0.732   6.000E-01      13.675
   66   14 SI    6     3.054    -2.351     0.281   6.000E-01      13.474
   67   14 SI    6     2.288    -0.730     1.891   6.000E-01      14.054
   68   14 SI    6     4.930    -3.237     1.683   6.000E-01      13.984
   69   14 SI    6     0.815    -1.917     3.335   6.000E-01      14.016
   70   14 SI    6     3.604    -4.523     3.236   6.000E-01      14.040
   71   14 SI    6     2.157    -3.290     4.685   6.000E-01      13.985
   72   14 SI    6     4.987    -0.800     4.521   6.000E-01      13.994
   73   14 SI    6    -5.012     0.158     0.577   6.000E-01      13.824
   74   14 SI    6    -2.209     4.442    -0.351   6.000E-01      13.508
   75   14 SI    6    -3.359     4.373     1.801   6.000E-01      14.060
   76   14 SI    6    -0.652     1.872     1.852   6.000E-01      14.018
   77   14 SI    6    -4.753     3.136     3.237   6.000E-01      13.990
   78   14 SI    6    -1.921     0.492     3.223   6.000E-01      14.027
   79   14 SI    6    -3.346     1.772     4.572   6.000E-01      13.971
   80   14 SI    6    -0.539     4.351     4.595   6.000E-01      13.986
   81   14 SI    6    -4.219    -3.932     0.336   6.000E-01      13.722
   82   14 SI    6    -1.901    -2.370     0.242   6.000E-01      13.559
   83   14 SI    6    -3.127    -0.721     1.617   6.000E-01      14.097
   84   14 SI    6    -0.493    -3.249     1.900   6.000E-01      14.041
   85   14 SI    6    -4.708    -1.983     3.030   6.000E-01      14.080
   86   14 SI    6    -1.973    -4.547     3.231   6.000E-01      14.011
   87   14 SI    6    -3.375    -3.196     4.618   6.000E-01      13.956
   88   14 SI    6    -0.580    -0.674     4.763   6.000E-01      14.001
   89   14 SI    6     0.734     0.605     6.226   6.000E-01      14.001
   90   14 SI    6     3.526     3.172     6.019   6.000E-01      14.004
   91   14 SI    6     0.755    -4.549     6.105   6.000E-01      13.981
   92   14 SI    6     3.550    -1.962     6.005   6.000E-01      13.993
   93   14 SI    6    -4.778     0.460     5.905   6.000E-01      14.000
   94   14 SI    6    -1.891     3.018     5.930   6.000E-01      14.025
   95   14 SI    6    -4.764    -4.471     6.071   6.000E-01      13.983
   96   14 SI    6    -2.005    -1.947     6.105   6.000E-01      14.000
   97   14 SI    6     2.142     4.355     7.514   6.000E-01      14.018
   98   14 SI    6     4.919     1.765     7.220   6.000E-01      14.000
   99   14 SI    6     0.707     3.237     9.028   6.000E-01      14.087
  100   14 SI    6     3.564     0.708     8.792   6.000E-01      14.061
  101   14 SI    6     2.320     2.103    10.249   6.000E-01      13.260
  102   14 SI    6     5.494     4.386     9.663   6.000E-01      13.679
  103   14 SI    6     2.183    -0.734     7.517   6.000E-01      14.022
  104   14 SI    6     4.839    -3.240     7.477   6.000E-01      14.040
  105   14 SI    6     0.878    -2.152     8.832   6.000E-01      13.935
  106   14 SI    6     3.492    -4.561     8.966   6.000E-01      14.005
  107   14 SI    6     1.642    -3.768    10.349   6.000E-01      13.674
  108   14 SI    6     5.242    -0.220    10.064   6.000E-01      13.743
  109   14 SI    6    -3.235     4.335     7.266   6.000E-01      14.050
  110   14 SI    6    -0.685     1.912     7.662   6.000E-01      13.976
  111   14 SI    6    -4.464     2.735     8.430   6.000E-01      14.066
  112   14 SI    6    -2.647     1.099     8.761   6.000E-01      14.006
  113   14 SI    6    -3.807     0.872    10.735   6.000E-01      13.391
  114   14 SI    6    -0.197     4.860    10.528   6.000E-01      13.987
  115   14 SI    6    -3.455    -0.691     7.465   6.000E-01      14.018
  116   14 SI    6    -0.677    -3.267     7.503   6.000E-01      14.030
  117   14 SI    6    -4.828    -2.025     8.855   6.000E-01      13.937
  118   14 SI    6    -1.877    -4.735     8.885   6.000E-01      13.982
  119   14 SI    6    -3.982    -4.118     9.697   6.000E-01      14.053
  120   14 SI    6     0.930     0.721    -8.957   6.000E-01      13.195
  121   14 SI    6    -2.174     1.046    -7.258   6.000E-01      12.674
  122   14 SI    6     2.344     2.317    -7.194   6.000E-01      12.775
  123   14 SI    6    -3.919    -4.131    -9.652   6.000E-01      13.052
  124   14 SI    6     2.712    -3.448    -8.360   6.000E-01      12.855
  125   14 SI    6    -0.889    -3.687    -8.776   6.000E-01      12.966
  126   14 SI    6    -4.418     2.955    -8.820   6.000E-01      13.167
  127   14 SI    6    -4.973    -1.319    -9.314   6.000E-01      12.890
  128   14 SI    6    -1.274    -0.795    -9.592   6.000E-01      13.302
  129   14 SI    6     3.909     3.846    -9.271   6.000E-01      12.744
  130   14 SI    6     0.282     4.821    -2.150   6.000E-01      13.101
  131   14 SI    6    -4.799    -0.418    -6.462   6.000E-01      12.825
  132   14 SI    6     5.320     0.836    -2.787   6.000E-01      12.702
  133   14 SI    6     2.495    -0.058    -2.428   6.000E-01      13.174
  134   14 SI    6     4.360    -2.043    -2.630   6.000E-01      13.073
  135   14 SI    6    -3.620    -2.755    -5.147   6.000E-01      12.907
  136   14 SI    6     1.345     4.591    -5.128   6.000E-01      12.608
  137   14 SI    6    -2.940     2.250    -2.279   6.000E-01      12.742
  138   14 SI    6    -0.058     2.001    -1.677   6.000E-01      12.957
  139   14 SI    6    -1.330     4.157    -6.643   6.000E-01      12.640
  140   14 SI    6    -0.887     1.862    -4.521   6.000E-01      13.240
  141   14 SI    6     5.323     3.495    -4.424   6.000E-01      12.746
  142   14 SI    6     3.254     4.773    -2.628   6.000E-01      13.122
  143   14 SI    6     3.226    -0.774    -6.559   6.000E-01      12.652
  144   14 SI    6     1.170    -2.398    -4.946   6.000E-01      12.810
  145   14 SI    6    -0.920    -1.573    -5.980   6.000E-01      12.939
  146   14 SI    6    -4.289     4.990    -6.591   6.000E-01      12.852
  147   14 SI    6     0.625    -2.498    -1.731   6.000E-01      12.650
  148   14 SI    6    -4.661    -4.284    -2.894   6.000E-01      12.762
 *******************************************************************************
 DE(K)                   0.000E+00  ENERGY LEVEL SHIFTING        0.00000
 TOTAL ENERGY -3.0844502126407E+04  CONVERGENCE ON ENER       -8.302E-08
 KIN. ENERGY   3.0738076438733E+04  VIR. COEFF.           1.03678816E+00
 N. OF SCF CYCLES              109  FERMI ENERGY              -0.992E-01
 WEIGHT OF F(I) IN F(I+1)      95
 SHRINK. FACT.(MONKH.)     2  2  2  SHRINKING FACTOR(GILAT NET)        2
 NUMBER OF K POINTS IN THE IBZ   8  CELL VOLUME (A.U.)       16539.66865
 *******************************************************************************

 GCALCO - MAX INDICES DIRECT LATTICE VECTOR    18    19     9
 NO.OF VECTORS CREATED 6999 STARS 1063 RMAX   301.56757 BOHR

 DIMENSIONS  P(G)= 6411836 F(G)= 1143363 P(G),F(G) (IRR) 3215270
 MAX G-VECTOR INDEX FOR 1- AND 2-ELECTRON INTEGRALS  55


 CAPPA:IS1  2;IS2  2;IS3  2; K PTS MONK NET    8; SYMMOPS: K SPACE  2;G SPACE  1


 CAPPA:IS1  6;IS2  6;IS3  3; K PTS MONK NET   56; SYMMOPS: K SPACE  2;G SPACE  1

 *******************************************************************************
 RESTART WITH NEW K POINTS NET
 *******************************************************************************
 POINTS IN THE IBZ                  56 POINTS(GILAT NET)                56
 SHRINK FACTORS(MONK.)         6  6  3 SHRINK FACTOR(GILAT)              6
 *******************************************************************************
 *** K POINTS COORDINATES (OBLIQUE COORDINATES IN UNITS OF IS =  6)
   1-R(  0  0  0)   2-C(  1  0  0)   3-C(  2  0  0)   4-R(  3  0  0)
   5-C(  0  1  0)   6-C(  1  1  0)   7-C(  2  1  0)   8-C(  3  1  0)
   9-C(  4  1  0)  10-C(  5  1  0)  11-C(  0  2  0)  12-C(  1  2  0)
  13-C(  2  2  0)  14-C(  3  2  0)  15-C(  4  2  0)  16-C(  5  2  0)
  17-R(  0  3  0)  18-C(  1  3  0)  19-C(  2  3  0)  20-R(  3  3  0)
  21-C(  0  0  1)  22-C(  1  0  1)  23-C(  2  0  1)  24-C(  3  0  1)
  25-C(  4  0  1)  26-C(  5  0  1)  27-C(  0  1  1)  28-C(  1  1  1)
  29-C(  2  1  1)  30-C(  3  1  1)  31-C(  4  1  1)  32-C(  5  1  1)
  33-C(  0  2  1)  34-C(  1  2  1)  35-C(  2  2  1)  36-C(  3  2  1)
  37-C(  4  2  1)  38-C(  5  2  1)  39-C(  0  3  1)  40-C(  1  3  1)
  41-C(  2  3  1)  42-C(  3  3  1)  43-C(  4  3  1)  44-C(  5  3  1)
  45-C(  0  4  1)  46-C(  1  4  1)  47-C(  2  4  1)  48-C(  3  4  1)
  49-C(  4  4  1)  50-C(  5  4  1)  51-C(  0  5  1)  52-C(  1  5  1)
  53-C(  2  5  1)  54-C(  3  5  1)  55-C(  4  5  1)  56-C(  5  5  1)

 FERMI ENERGY AND DENSITY MATRIX CALCULATION ON COMPUTED EIGENVECTORS
 DENSITY MATRIX AT SCF CYCLE (109+1)

 POSSIBLY CONDUCTING STATE - EFERMI(AU) -9.9232008E-02 (RES. CHARGE  0.00E+00;IT.  5)

 CORE DENSITY MATRIX CALCULATION
 TTTTTTTTTTTTTTTTTTTTTTTTTTTTTT NEWK        TELAPSE   111120.63 TCPU   110948.48
 TTTTTTTTTTTTTTTTTTTTTTTTTTTTTT SETPRINT    TELAPSE   111120.63 TCPU   110948.48

 *******************************************************************************
 HYPERFINE ELECTRON-NUCLEAR SPIN INTERACTION TENSOR
 ANISOTROPIC COMPONENTS - THE TENSOR IS TRACELESS
 *******************************************************************************


 POINT   ATOM  MASS NO  NUCLEAR G FACTOR
    1    1 O      17      -0.7575220

 TENSOR IN ORIGINAL CARTESIAN AXES
 XX -2.457245E-03 YY  2.002165E-04 ZZ  2.257028E-03 XY -2.072146E-03 XZ -9.192673E-04 YZ  9.417510E-05

 TENSOR IN PRINCIPAL AXIS SYSTEM
 AA -3.688499E-03 BB  1.116167E-03 CC  2.572331E-03

 PRINCIPAL AXES
         X             Y             Z
 A  8.765313E-01  4.639653E-01  1.281759E-01
 B -3.881063E-01  8.387377E-01 -3.819588E-01
 C -2.847216E-01  2.850529E-01  9.152478E-01

 ANGLES BETWEEN PRINCIPAL AXES AND ORIGINAL AXES (DEGREES)
         X             Y             Z
 A     28.773273     62.356721     82.635804
 B    112.836719     32.992932    112.455065
 C    106.542206     73.437987     23.759064


 POINT   ATOM  MASS NO  NUCLEAR G FACTOR
    2    2 O      17      -0.7575220

 TENSOR IN ORIGINAL CARTESIAN AXES
 XX  1.693186E-03 YY -3.346848E-03 ZZ  1.653662E-03 XY  4.592785E-04 XZ  2.287086E-04 YZ -3.203007E-05

 TENSOR IN PRINCIPAL AXIS SYSTEM
 AA  1.922910E-03 BB -3.388906E-03 CC  1.465996E-03

 PRINCIPAL AXES
         X             Y             Z
 A  7.643203E-01  6.271208E-02  6.417801E-01
 B -9.046546E-02  9.958450E-01  1.042893E-02
 C -6.384595E-01 -6.602997E-02  7.668178E-01

 ANGLES BETWEEN PRINCIPAL AXES AND ORIGINAL AXES (DEGREES)
         X             Y             Z
 A     40.153440     86.404503     50.075315
 B     95.190385      5.224856     89.402456
 C    129.677041     93.785993     39.931015


 POINT   ATOM  MASS NO  NUCLEAR G FACTOR
    3    3 O      17      -0.7575220

 TENSOR IN ORIGINAL CARTESIAN AXES
 XX -8.782861E-04 YY  3.059969E-04 ZZ  5.722892E-04 XY  1.895800E-03 XZ -1.145346E-03 YZ  1.300189E-03

 TENSOR IN PRINCIPAL AXIS SYSTEM
 AA -3.066228E-03 BB  1.909044E-03 CC  1.157184E-03

 PRINCIPAL AXES
         X             Y             Z
 A  7.095622E-01 -5.625220E-01  4.243706E-01
 B  3.477592E-01  8.033522E-01  4.834136E-01
 C -6.128498E-01 -1.954332E-01  7.656507E-01

 ANGLES BETWEEN PRINCIPAL AXES AND ORIGINAL AXES (DEGREES)
         X             Y             Z
 A     44.800690    124.230393     64.889170
 B     69.649678     36.548579     61.091414
 C    127.795851    101.270033     40.035088


 POINT   ATOM  MASS NO  NUCLEAR G FACTOR
    4    4 O      17      -0.7575220

 TENSOR IN ORIGINAL CARTESIAN AXES
 XX -1.178171E-01 YY  1.258757E-01 ZZ -8.058626E-03 XY  1.053545E-01 XZ  2.296255E-01 YZ -7.884077E-02

 TENSOR IN PRINCIPAL AXIS SYSTEM
 AA -3.364595E-01 BB  1.623291E-01 CC  1.741305E-01

 PRINCIPAL AXES
         X             Y             Z
 A  7.561524E-01 -2.736731E-01 -5.944213E-01
 B  2.816936E-02  9.211221E-01 -3.882533E-01
 C  6.537890E-01  2.768342E-01  7.042178E-01

 ANGLES BETWEEN PRINCIPAL AXES AND ORIGINAL AXES (DEGREES)
         X             Y             Z
 A     40.873836    105.882954    126.471386
 B     88.385801     22.909322    112.845856
 C     49.172110     73.928652     45.233610


 POINT   ATOM  MASS NO  NUCLEAR G FACTOR
    5    5 O      17      -0.7575220

 TENSOR IN ORIGINAL CARTESIAN AXES
 XX -5.043877E-04 YY -1.039110E-04 ZZ  6.082987E-04 XY -1.806317E-04 XZ -2.359500E-04 YZ -6.819435E-05

 TENSOR IN PRINCIPAL AXIS SYSTEM
 AA -6.225040E-04 BB -3.506176E-05 CC  6.575657E-04

 PRINCIPAL AXES
         X             Y             Z
 A  9.179526E-01  3.453900E-01  1.951121E-01
 B -3.468355E-01  9.375131E-01 -2.782564E-02
 C -1.925309E-01 -4.212921E-02  9.803861E-01

 ANGLES BETWEEN PRINCIPAL AXES AND ORIGINAL AXES (DEGREES)
         X             Y             Z
 A     23.371423     69.794393     78.748725
 B    110.293884     20.361975     91.594497
 C    101.100521     92.414541     11.366626


 POINT   ATOM  MASS NO  NUCLEAR G FACTOR
    6    6 O      17      -0.7575220

 TENSOR IN ORIGINAL CARTESIAN AXES
 XX  5.239925E-02 YY -1.950112E-02 ZZ -3.289813E-02 XY  3.611643E-02 XZ -1.270606E-02 YZ -8.304202E-03

 TENSOR IN PRINCIPAL AXIS SYSTEM
 AA  6.958177E-02 BB -3.201346E-02 CC -3.756830E-02

 PRINCIPAL AXES
         X             Y             Z
 A  9.122987E-01  3.833083E-01 -1.441726E-01
 B -3.765748E-01  6.468364E-01 -6.631697E-01
 C -1.609424E-01  6.593007E-01  7.344523E-01

 ANGLES BETWEEN PRINCIPAL AXES AND ORIGINAL AXES (DEGREES)
         X             Y             Z
 A     24.175021     67.461241     98.289368
 B    112.121676     49.696495    131.542064
 C     99.261600     48.753441     42.739043


 POINT   ATOM  MASS NO  NUCLEAR G FACTOR
    7    7 O      17      -0.7575220

 TENSOR IN ORIGINAL CARTESIAN AXES
 XX  4.339446E-04 YY -6.716053E-04 ZZ  2.376607E-04 XY  4.043527E-03 XZ -9.897092E-04 YZ  1.968093E-04

 TENSOR IN PRINCIPAL AXIS SYSTEM
 AA  4.063634E-03 BB -4.340810E-03 CC  2.771754E-04

 PRINCIPAL AXES
         X             Y             Z
 A  7.537133E-01  6.368704E-01 -1.622109E-01
 B -6.571493E-01  7.335009E-01 -1.735835E-01
 C  8.431662E-03  2.374290E-01  9.713683E-01

 ANGLES BETWEEN PRINCIPAL AXES AND ORIGINAL AXES (DEGREES)
         X             Y             Z
 A     41.086933     50.441153     99.335248
 B    131.082822     42.819303     99.996236
 C     89.516896     76.265156     13.743672


 POINT   ATOM  MASS NO  NUCLEAR G FACTOR
    8    8 O      17      -0.7575220

 TENSOR IN ORIGINAL CARTESIAN AXES
 XX -2.806939E-03 YY  9.678479E-04 ZZ  1.839091E-03 XY -3.678369E-03 XZ  1.939210E-03 YZ  1.358764E-03

 TENSOR IN PRINCIPAL AXIS SYSTEM
 AA -5.786471E-03 BB  3.244933E-03 CC  2.541537E-03

 PRINCIPAL AXES
         X             Y             Z
 A  8.125532E-01  5.020786E-01 -2.960985E-01
 B -4.618377E-01  8.644744E-01  1.984691E-01
 C  3.556167E-01 -2.451728E-02  9.343103E-01

 ANGLES BETWEEN PRINCIPAL AXES AND ORIGINAL AXES (DEGREES)
         X             Y             Z
 A     35.653856     59.862385    107.223421
 B    117.505752     30.177258     78.552548
 C     69.168755     91.404878     20.883002


 POINT   ATOM  MASS NO  NUCLEAR G FACTOR
    9    9 O      17      -0.7575220

 TENSOR IN ORIGINAL CARTESIAN AXES
 XX  4.556050E-03 YY -9.025750E-03 ZZ  4.469699E-03 XY  4.789068E-04 XZ -5.580551E-04 YZ -3.731222E-03

 TENSOR IN PRINCIPAL AXIS SYSTEM
 AA  4.207789E-03 BB -9.995894E-03 CC  5.788105E-03

 PRINCIPAL AXES
         X             Y             Z
 A  8.801397E-01 -9.904947E-02  4.642665E-01
 B -2.232119E-02  9.682737E-01  2.488932E-01
 C -4.741898E-01 -2.294237E-01  8.500052E-01

 ANGLES BETWEEN PRINCIPAL AXES AND ORIGINAL AXES (DEGREES)
         X             Y             Z
 A     28.340784     95.684437     62.337239
 B     91.279016     14.471126     75.587974
 C    118.306609    103.263147     31.787767


 POINT   ATOM  MASS NO  NUCLEAR G FACTOR
   10   10 O      17      -0.7575220

 TENSOR IN ORIGINAL CARTESIAN AXES
 XX  1.370738E-03 YY -4.114964E-03 ZZ  2.744225E-03 XY -8.059410E-04 XZ  8.232890E-04 YZ -3.307005E-03

 TENSOR IN PRINCIPAL AXIS SYSTEM
 AA  1.028617E-03 BB -5.478319E-03 CC  4.449702E-03

 PRINCIPAL AXES
         X             Y             Z
 A  9.421726E-01  6.388721E-02 -3.289822E-01
 B  6.512262E-02  9.280461E-01  3.667281E-01
 C  3.287399E-01 -3.669453E-01  8.702191E-01

 ANGLES BETWEEN PRINCIPAL AXES AND ORIGINAL AXES (DEGREES)
         X             Y             Z
 A     19.580330     86.337038    109.207011
 B     86.266106     21.867744     68.486028
 C     70.807691    111.527351     29.515894


 POINT   ATOM  MASS NO  NUCLEAR G FACTOR
   11   11 O      17      -0.7575220

 TENSOR IN ORIGINAL CARTESIAN AXES
 XX -6.817397E-03 YY  2.378318E-03 ZZ  4.439079E-03 XY  2.032434E-03 XZ  3.642753E-03 YZ -1.417974E-03

 TENSOR IN PRINCIPAL AXIS SYSTEM
 AA -8.407870E-03 BB  2.683659E-03 CC  5.724211E-03

 PRINCIPAL AXES
         X             Y             Z
 A  9.333861E-01 -2.137721E-01 -2.882566E-01
 B  2.747976E-01  9.423492E-01  1.909561E-01
 C  2.308173E-01 -2.574480E-01  9.383197E-01

 ANGLES BETWEEN PRINCIPAL AXES AND ORIGINAL AXES (DEGREES)
         X             Y             Z
 A     21.031046    102.343497    106.753611
 B     74.050046     19.550106     78.991415
 C     76.654804    104.918689     20.228737


 POINT   ATOM  MASS NO  NUCLEAR G FACTOR
   12   12 O      17      -0.7575220

 TENSOR IN ORIGINAL CARTESIAN AXES
 XX  1.389669E-03 YY  1.153058E-03 ZZ -2.542727E-03 XY  3.779077E-03 XZ  4.164855E-05 YZ -1.964520E-02

 TENSOR IN PRINCIPAL AXIS SYSTEM
 AA  1.264662E-03 BB  1.946445E-02 CC -2.072911E-02

 PRINCIPAL AXES
         X             Y             Z
 A  9.813732E-01 -3.454511E-02  1.889795E-01
 B  1.526607E-01  7.374054E-01 -6.579726E-01
 C -1.166248E-01  6.745664E-01  7.289436E-01

 ANGLES BETWEEN PRINCIPAL AXES AND ORIGINAL AXES (DEGREES)
         X             Y             Z
 A     11.076002     91.979683     79.106766
 B     81.218853     42.489134    131.145434
 C     96.697348     47.579512     43.202092


 POINT   ATOM  MASS NO  NUCLEAR G FACTOR
   13   13 O      17      -0.7575220

 TENSOR IN ORIGINAL CARTESIAN AXES
 XX -3.832021E-02 YY  1.778926E-03 ZZ  3.654129E-02 XY  3.057850E-02 XZ -5.623649E-02 YZ -6.438832E-02

 TENSOR IN PRINCIPAL AXIS SYSTEM
 AA -4.367913E-02 BB -6.880247E-02 CC  1.124816E-01

 PRINCIPAL AXES
         X             Y             Z
 A  3.567049E-01 -8.345787E-01 -4.198094E-01
 B  8.498521E-01  1.032703E-01  5.168043E-01
 C -3.879600E-01 -5.411226E-01  7.461055E-01

 ANGLES BETWEEN PRINCIPAL AXES AND ORIGINAL AXES (DEGREES)
         X             Y             Z
 A     69.102027    146.571996    114.822556
 B     31.804412     84.072482     58.881869
 C    112.827624    122.760089     41.745860


 POINT   ATOM  MASS NO  NUCLEAR G FACTOR
   14   14 O      17      -0.7575220

 TENSOR IN ORIGINAL CARTESIAN AXES
 XX  1.743985E-03 YY -7.311508E-03 ZZ  5.567524E-03 XY  1.674385E-02 XZ  7.952695E-03 YZ -7.999729E-03

 TENSOR IN PRINCIPAL AXIS SYSTEM
 AA  1.492579E-02 BB -2.432296E-02 CC  9.397163E-03

 PRINCIPAL AXES
         X             Y             Z
 A  8.149310E-01  5.263380E-01  2.426019E-01
 B -5.795233E-01  7.354805E-01  3.510287E-01
 C  6.330762E-03 -4.266577E-01  9.043910E-01

 ANGLES BETWEEN PRINCIPAL AXES AND ORIGINAL AXES (DEGREES)
         X             Y             Z
 A     35.419456     58.241639     75.959840
 B    125.417025     42.652168     69.449752
 C     89.637272    115.255634     25.258609


 POINT   ATOM  MASS NO  NUCLEAR G FACTOR
   15   15 O      17      -0.7575220

 TENSOR IN ORIGINAL CARTESIAN AXES
 XX  1.081569E-03 YY -5.625527E-03 ZZ  4.543958E-03 XY  2.574928E-03 XZ -9.641486E-04 YZ -2.088239E-03

 TENSOR IN PRINCIPAL AXIS SYSTEM
 AA  1.265655E-03 BB -6.752559E-03 CC  5.486905E-03

 PRINCIPAL AXES
         X             Y             Z
 A  8.923540E-01  2.128245E-01  3.980077E-01
 B -2.920541E-01  9.446146E-01  1.496919E-01
 C -3.441058E-01 -2.498180E-01  9.050868E-01

 ANGLES BETWEEN PRINCIPAL AXES AND ORIGINAL AXES (DEGREES)
         X             Y             Z
 A     26.829449     77.712072     66.546310
 B    106.980975     19.158455     81.390929
 C    110.127219    104.466740     25.165018


 POINT   ATOM  MASS NO  NUCLEAR G FACTOR
   16   16 O      17      -0.7575220

 TENSOR IN ORIGINAL CARTESIAN AXES
 XX  2.899599E-02 YY -1.779411E-01 ZZ  1.489451E-01 XY -2.315460E-01 XZ  5.786043E-02 YZ  8.233791E-02

 TENSOR IN PRINCIPAL AXIS SYSTEM
 AA  1.803600E-01 BB -3.484199E-01 CC  1.680598E-01

 PRINCIPAL AXES
         X             Y             Z
 A  8.296108E-01 -4.651505E-01  3.088382E-01
 B  5.344570E-01  8.216292E-01 -1.981948E-01
 C -1.615600E-01  3.294852E-01  9.302354E-01

 ANGLES BETWEEN PRINCIPAL AXES AND ORIGINAL AXES (DEGREES)
         X             Y             Z
 A     33.941225    117.719961     72.010774
 B     57.692903     34.751785    101.431415
 C     99.297458     70.762465     21.528467


 POINT   ATOM  MASS NO  NUCLEAR G FACTOR
   17   17 O      17      -0.7575220

 TENSOR IN ORIGINAL CARTESIAN AXES
 XX -3.393840E-03 YY -7.445204E-04 ZZ  4.138361E-03 XY  3.955819E-04 XZ  5.965212E-03 YZ  7.649244E-04

 TENSOR IN PRINCIPAL AXIS SYSTEM
 AA -6.682421E-03 BB -8.341385E-04 CC  7.516559E-03

 PRINCIPAL AXES
         X             Y             Z
 A  8.756218E-01  3.884279E-03 -4.829818E-01
 B -5.344193E-02  9.946068E-01 -8.888862E-02
 C  4.800317E-01  1.036443E-01  8.711070E-01

 ANGLES BETWEEN PRINCIPAL AXES AND ORIGINAL AXES (DEGREES)
         X             Y             Z
 A     28.881353     89.777447    118.880331
 B     93.063456      5.953255     95.099673
 C     61.312524     84.050936     29.412466


 POINT   ATOM  MASS NO  NUCLEAR G FACTOR
   18   18 O      17      -0.7575220

 TENSOR IN ORIGINAL CARTESIAN AXES
 XX  1.713434E-01 YY  5.223881E-03 ZZ -1.765673E-01 XY -3.716704E-02 XZ  2.148019E-02 YZ  1.411825E-01

 TENSOR IN PRINCIPAL AXIS SYSTEM
 AA  1.795735E-01 BB  7.715999E-02 CC -2.567335E-01

 PRINCIPAL AXES
         X             Y             Z
 A  9.713556E-01 -2.350963E-01 -3.461151E-02
 B  2.216743E-01  8.439968E-01  4.883952E-01
 C -8.560789E-02 -4.820779E-01  8.719359E-01

 ANGLES BETWEEN PRINCIPAL AXES AND ORIGINAL AXES (DEGREES)
         X             Y             Z
 A     13.746729    103.597299     91.983489
 B     77.192606     32.435386     60.764846
 C     94.910982    118.821199     29.315611


 POINT   ATOM  MASS NO  NUCLEAR G FACTOR
   19   19 O      17      -0.7575220

 TENSOR IN ORIGINAL CARTESIAN AXES
 XX  4.655403E-02 YY  3.876381E-02 ZZ -8.531785E-02 XY -1.695107E-01 XZ -1.163461E-01 YZ  1.141620E-01

 TENSOR IN PRINCIPAL AXIS SYSTEM
 AA  2.841305E-01 BB -1.268936E-01 CC -1.572369E-01

 PRINCIPAL AXES
         X             Y             Z
 A  6.541023E-01 -6.396951E-01 -4.036588E-01
 B  7.019696E-01  7.121510E-01  8.919522E-03
 C  2.817603E-01 -2.891905E-01  9.148661E-01

 ANGLES BETWEEN PRINCIPAL AXES AND ORIGINAL AXES (DEGREES)
         X             Y             Z
 A     49.148386    129.769084    113.807111
 B     45.414758     44.589801     89.488942
 C     73.634708    106.809501     23.813282


 POINT   ATOM  MASS NO  NUCLEAR G FACTOR
   20   20 O      17      -0.7575220

 TENSOR IN ORIGINAL CARTESIAN AXES
 XX -8.867677E-03 YY  1.147058E-02 ZZ -2.602901E-03 XY  1.143763E-03 XZ  8.771999E-03 YZ  1.993028E-03

 TENSOR IN PRINCIPAL AXIS SYSTEM
 AA -1.505152E-02 BB  1.208752E-02 CC  2.963995E-03

 PRINCIPAL AXES
         X             Y             Z
 A  8.167998E-01  8.124620E-03 -5.768641E-01
 B  1.433913E-01  9.656651E-01  2.166328E-01
 C  5.588176E-01 -2.596629E-01  7.875901E-01

 ANGLES BETWEEN PRINCIPAL AXES AND ORIGINAL AXES (DEGREES)
         X             Y             Z
 A     35.234291     89.534488    125.230278
 B     81.755864     15.057602     77.488663
 C     56.025936    105.050062     38.039135


 POINT   ATOM  MASS NO  NUCLEAR G FACTOR
   21   21 O      17      -0.7575220

 TENSOR IN ORIGINAL CARTESIAN AXES
 XX  4.388147E-03 YY -4.057623E-03 ZZ -3.305238E-04 XY -7.819135E-04 XZ  7.884545E-04 YZ  5.877567E-03

 TENSOR IN PRINCIPAL AXIS SYSTEM
 AA  4.535364E-03 BB -8.453665E-03 CC  3.918300E-03

 PRINCIPAL AXES
         X             Y             Z
 A  9.521753E-01  1.086852E-01  2.855692E-01
 B  8.510328E-02  8.032847E-01 -5.894837E-01
 C -2.934616E-01  5.855947E-01  7.556184E-01

 ANGLES BETWEEN PRINCIPAL AXES AND ORIGINAL AXES (DEGREES)
         X             Y             Z
 A     17.791399     83.760470     73.407123
 B     85.118036     36.555075    126.120382
 C    107.065309     54.154985     40.920568


 POINT   ATOM  MASS NO  NUCLEAR G FACTOR
   22   22 O      17      -0.7575220

 TENSOR IN ORIGINAL CARTESIAN AXES
 XX  6.918440E-04 YY  3.401645E-03 ZZ -4.093489E-03 XY  9.664996E-04 XZ  1.050909E-03 YZ  2.946494E-03

 TENSOR IN PRINCIPAL AXIS SYSTEM
 AA  3.838681E-04 BB  4.809375E-03 CC -5.193243E-03

 PRINCIPAL AXES
         X             Y             Z
 A  9.482584E-01 -3.171983E-01  1.382742E-02
 B  2.949499E-01  8.961945E-01  3.314212E-01
 C -1.175183E-01 -3.101945E-01  9.433816E-01

 ANGLES BETWEEN PRINCIPAL AXES AND ORIGINAL AXES (DEGREES)
         X             Y             Z
 A     18.511777    108.493576     89.207722
 B     72.845468     26.337726     70.644942
 C     96.748898    108.070954     19.372568


 POINT   ATOM  MASS NO  NUCLEAR G FACTOR
   23   23 O      17      -0.7575220

 TENSOR IN ORIGINAL CARTESIAN AXES
 XX  1.041253E-03 YY  1.098069E-03 ZZ -2.139321E-03 XY  1.204814E-03 XZ -2.364823E-04 YZ -1.237018E-03

 TENSOR IN PRINCIPAL AXIS SYSTEM
 AA  4.490498E-05 BB  2.521075E-03 CC -2.565980E-03

 PRINCIPAL AXES
         X             Y             Z
 A  7.697455E-01 -5.875973E-01  2.494418E-01
 B  6.363968E-01  7.369275E-01 -2.278968E-01
 C -4.990894E-02  3.341665E-01  9.411917E-01

 ANGLES BETWEEN PRINCIPAL AXES AND ORIGINAL AXES (DEGREES)
         X             Y             Z
 A     39.668956    125.986691     75.555518
 B     50.476340     42.529661    103.173281
 C     92.860760     70.478138     19.747339


 POINT   ATOM  MASS NO  NUCLEAR G FACTOR
   24   24 O      17      -0.7575220

 TENSOR IN ORIGINAL CARTESIAN AXES
 XX -2.763181E-03 YY  6.136780E-03 ZZ -3.373599E-03 XY -3.325204E-03 XZ -1.939984E-03 YZ  4.531228E-03

 TENSOR IN PRINCIPAL AXIS SYSTEM
 AA -3.773556E-03 BB  9.167641E-03 CC -5.394084E-03

 PRINCIPAL AXES
         X             Y             Z
 A  8.888403E-01  4.002373E-01 -2.230988E-01
 B -3.045518E-01  8.797921E-01  3.649850E-01
 C  3.423612E-01 -2.564682E-01  9.038877E-01

 ANGLES BETWEEN PRINCIPAL AXES AND ORIGINAL AXES (DEGREES)
         X             Y             Z
 A     27.272123     66.406987    102.891105
 B    107.731201     28.382704     68.593341
 C     69.979206    104.860602     25.326117


 POINT   ATOM  MASS NO  NUCLEAR G FACTOR
   25   25 O      17      -0.7575220

 TENSOR IN ORIGINAL CARTESIAN AXES
 XX  7.208720E-04 YY -1.992590E-03 ZZ  1.271718E-03 XY  1.572129E-03 XZ -4.726011E-03 YZ -1.581238E-03

 TENSOR IN PRINCIPAL AXIS SYSTEM
 AA  6.327516E-03 BB -2.586988E-03 CC -3.740528E-03

 PRINCIPAL AXES
         X             Y             Z
 A  6.639440E-01  2.587901E-01 -7.015739E-01
 B -1.417739E-01  9.647535E-01  2.216998E-01
 C  7.342196E-01 -4.773137E-02  6.772320E-01

 ANGLES BETWEEN PRINCIPAL AXES AND ORIGINAL AXES (DEGREES)
         X             Y             Z
 A     48.398634     75.001715    134.553417
 B     98.150507     15.257359     77.191112
 C     42.758682     92.735846     47.372278


 POINT   ATOM  MASS NO  NUCLEAR G FACTOR
   26   26 O      17      -0.7575220

 TENSOR IN ORIGINAL CARTESIAN AXES
 XX -1.930146E-02 YY  1.501142E-02 ZZ  4.290041E-03 XY  1.444012E-02 XZ  1.290477E-02 YZ  3.311267E-02

 TENSOR IN PRINCIPAL AXIS SYSTEM
 AA -2.499660E-02 BB  4.870635E-02 CC -2.370975E-02

 PRINCIPAL AXES
         X             Y             Z
 A  8.907433E-01  5.218826E-02 -4.515005E-01
 B  2.738133E-01  7.312676E-01  6.247191E-01
 C  3.627707E-01 -6.800913E-01  6.370819E-01

 ANGLES BETWEEN PRINCIPAL AXES AND ORIGINAL AXES (DEGREES)
         X             Y             Z
 A     27.033197     87.008474    116.839995
 B     74.108690     43.007235     51.338425
 C     68.729549    132.850775     50.425435


 POINT   ATOM  MASS NO  NUCLEAR G FACTOR
   27   27 O      17      -0.7575220

 TENSOR IN ORIGINAL CARTESIAN AXES
 XX  2.734025E-02 YY  6.956786E-03 ZZ -3.429704E-02 XY -4.819869E-02 XZ  9.986597E-03 YZ -6.923446E-03

 TENSOR IN PRINCIPAL AXIS SYSTEM
 AA  6.785057E-02 BB -3.190262E-02 CC -3.594795E-02

 PRINCIPAL AXES
         X             Y             Z
 A  7.720790E-01 -6.245113E-01  1.178120E-01
 B  5.910691E-01  7.737386E-01  2.279603E-01
 C -2.335195E-01 -1.063684E-01  9.665166E-01

 ANGLES BETWEEN PRINCIPAL AXES AND ORIGINAL AXES (DEGREES)
         X             Y             Z
 A     39.459052    128.646328     83.234157
 B     53.767088     39.309193     76.822982
 C    103.504368     96.106010     14.868647


 POINT   ATOM  MASS NO  NUCLEAR G FACTOR
   28   28 O      17      -0.7575220

 TENSOR IN ORIGINAL CARTESIAN AXES
 XX  3.542088E-02 YY  4.614714E-02 ZZ -8.156801E-02 XY -5.750228E-04 XZ  3.514853E-02 YZ  5.782101E-03

 TENSOR IN PRINCIPAL AXIS SYSTEM
 AA  4.461486E-02 BB  4.693914E-02 CC -9.155400E-02

 PRINCIPAL AXES
         X             Y             Z
 A  8.464856E-01 -4.877556E-01  2.134400E-01
 B  4.607809E-01  8.719911E-01  1.652648E-01
 C -2.667266E-01 -4.154521E-02  9.628764E-01

 ANGLES BETWEEN PRINCIPAL AXES AND ORIGINAL AXES (DEGREES)
         X             Y             Z
 A     32.168544    119.193168     77.675977
 B     62.562491     29.309149     80.487381
 C    105.469575     92.381051     15.660862


 POINT   ATOM  MASS NO  NUCLEAR G FACTOR
   29   29 O      17      -0.7575220

 TENSOR IN ORIGINAL CARTESIAN AXES
 XX -1.844178E-03 YY  1.036007E-03 ZZ  8.081711E-04 XY -2.526053E-04 XZ -2.706257E-03 YZ  6.290967E-04

 TENSOR IN PRINCIPAL AXIS SYSTEM
 AA -3.534857E-03 BB  7.796481E-04 CC  2.755209E-03

 PRINCIPAL AXES
         X             Y             Z
 A  8.466996E-01 -2.634945E-02  5.314184E-01
 B  2.134815E-01  9.316784E-01 -2.939406E-01
 C -4.873659E-01  3.623274E-01  7.944768E-01

 ANGLES BETWEEN PRINCIPAL AXES AND ORIGINAL AXES (DEGREES)
         X             Y             Z
 A     32.145510     91.509887     57.898657
 B     77.673546     21.302028    107.094022
 C    119.167596     68.756803     37.394135


 POINT   ATOM  MASS NO  NUCLEAR G FACTOR
   30   30 O      17      -0.7575220

 TENSOR IN ORIGINAL CARTESIAN AXES
 XX  2.041021E-01 YY -8.915241E-02 ZZ -1.149497E-01 XY  1.061427E-01 XZ  6.862311E-02 YZ  1.962726E-02

 TENSOR IN PRINCIPAL AXIS SYSTEM
 AA  2.523422E-01 BB -1.225877E-01 CC -1.297545E-01

 PRINCIPAL AXES
         X             Y             Z
 A  9.342605E-01  3.013430E-01  1.906560E-01
 B -2.198295E-01  9.076936E-01 -3.574457E-01
 C -2.807710E-01  2.920356E-01  9.142663E-01

 ANGLES BETWEEN PRINCIPAL AXES AND ORIGINAL AXES (DEGREES)
         X             Y             Z
 A     20.891001     72.461713     79.008932
 B    102.699017     24.811461    110.943409
