
         
 *******************************************************************************
 *                                                                             *
 *                                CRYSTAL09                                    *
 *                              public : 2.0                                   *
 *                      December 10th, 2012 - sequential executable            *
 *                                                                             *
 *                                                                             *
 *                                                                             *
 *                              MAIN AUTHORS                                   *
 *                                                                             *
 *    R. DOVESI(1,10), V.R. SAUNDERS(2), C. ROETTI(1,10), R. ORLANDO (1,3),    *
 *  C.M. ZICOVICH-WILSON(1,4), F. PASCALE(5), B. CIVALLERI(1,10), K. DOLL(6),  *
 *       N.M. HARRISON(2,7), I. J. BUSH(2), Ph. D'ARCO(8), M. LLUNELL(9)       *
 *                                                                             *
 * (1) THEORETICAL CHEMISTRY GROUP - UNIVERSITA' DI TORINO - TORINO (ITALY)    *
 *      http://www.crystal.unito.it                                            *
 * (2) COMPUTATIONAL SCIENCE & ENGINEERING DEPARTMENT - CCLRC DARESBURY (UK)   *
 *     http://www.cse.clrc.ac.uk/cmg/CRYSTAL/                                  *
 * (3) UNIVERSITA' DEL PIEMONTE ORIENTALE - ALESSANDRIA (ITALY)                *
 * (4) UNIVERSIDAD AUTONOMA DEL ESTADO DE MORELOS - CUERNAVACA (MEXICO)        *
 * (5) UNIVERSITE' HENRI POINCARE' - NANCY (FRANCE)                            *
 * (6) MPI FUER FESTKOERPERFORSCHUNG - STUTTGART (GERMANY)                     *
 * (7) IMPERIAL COLLEGE - LONDON (UK)                                          *
 * (8) UNIVERSITE' PIERRE ET MARIE CURIE - PARIS (FRANCE)                      *
 * (9) UNIVERSIDAD DE BARCELONA - BARCELONA (SPAIN)                            *
 *(10) NIS - NANOSTRUCTURED INTERFACES AND SURFACES - TORINO (ITALY)           *
 *     http://www.crystal.unito.it                                             *
 *******************************************************************************
 EEEEEEEEEE STARTING  DATE 10 08 2015 TIME 11:08:41.7

 *******************************************************************************
 Created with astools                                                            
 CRYSTAL - PROPERTIES - TYPE OF CALCULATION :  UNRESTRICTED OPEN SHELL
 *******************************************************************************
 SPIN POLARIZED SYSTEM: SUMMED SPIN DENSITY    0.00000000

 KOHN-SHAM HAMILTONIAN

 (EXCHANGE)[CORRELATION] FUNCTIONAL:(BECKE)[LEE-YANG-PARR]

 NON-LOCAL WEIGHTING FACTOR (EXCHANGE) =           0.9000
 NON-LOCAL WEIGHTING FACTOR [CORRELATION] =        0.8100

 HYBRID EXCHANGE - PERCENTAGE OF FOCK EXCHANGE    20.0000

 SPIN POLARIZED DFT SELECTED

 DIRECT LATTICE VECTOR COMPONENTS (ANGSTROM)
        10.71344    0.00000    0.00000
         0.00000   10.83912    0.00000
         0.00000    0.00000   21.91664

 LATTICE PARAMETERS  (ANGSTROM AND DEGREES) - PRIMITIVE CELL
       A          B          C         ALPHA      BETA     GAMMA        VOLUME
   10.71344   10.83912   21.91664     47.6259   47.6259   47.6259    2545.05387
 *******************************************************************************
 N. OF ATOMS PER CELL      168  COULOMB OVERLAP TOL         (T1) 10** -8
 NUMBER OF SHELLS         1312  COULOMB PENETRATION TOL     (T2) 10** -8
 NUMBER OF AO             3568  EXCHANGE OVERLAP TOL        (T3) 10** -8
 N. OF ELECTRONS PER CELL 1856  EXCHANGE PSEUDO OVP (F(G))  (T4) 10** -8
 CORE ELECTRONS PER CELL   784  EXCHANGE PSEUDO OVP (P(G))  (T5) 10**-16
 N. OF SYMMETRY OPERATORS    1  POLE ORDER IN MONO ZONE                4
 CORE  PSEUDO POTENTIAL         TOL. ON PSEUDO              (TP) 10**- 6
 *******************************************************************************
   ATOM N.AT.  SHELL    X(A)      Y(A)      Z(A)      EXAD       N.ELECT.
 *******************************************************************************
    1    8 O     8     0.484     0.716     2.141   2.535E-01       8.873
    2    8 O     8     0.348    -4.594     1.630   2.535E-01       9.139
    3    8 O     8    -5.225     0.780     1.708   2.535E-01       8.886
    4    8 O     8    -4.882    -4.886     2.104   2.535E-01       9.123
    5    8 O     8    -2.701     1.508     0.149   2.535E-01       9.242
    6    8 O     8    -3.876     3.954     1.041   2.535E-01       9.235
    7    8 O     8     4.649    -3.111     0.843   2.535E-01       9.329
    8    8 O     8     2.533    -1.298     1.268   2.535E-01       9.228
    9    8 O     8    -3.738    -1.010     0.438   2.535E-01       9.004
   10    8 O     8    -1.667    -2.999     1.079   2.535E-01       9.161
   11    8 O     8     3.340     2.190     0.985   2.535E-01       9.198
   12    8 O     8     1.643     4.801    -9.873   2.535E-01       8.871
   13    8 O     8     1.547    -1.042    -9.467   2.535E-01       9.128
   14    8 O     8    -3.585     4.150   -10.053   2.535E-01       9.156
   15    8 O     8    -3.443    -0.677    -9.866   2.535E-01       9.067
   16    8 O     8    -2.760    -4.916    -8.738   2.535E-01       9.382
   17    8 O     8     0.847     2.071    -7.807   2.535E-01       9.198
   18    8 O     8     3.867     2.895    -6.678   2.535E-01       9.382
   19    8 O     8     3.777     0.402    -7.246   2.535E-01       9.436
   20    8 O     8     4.764    -3.149    -9.482   2.535E-01       8.928
   21    8 O     8    -4.888     5.197    -7.379   2.535E-01       9.281
   22    8 O     8     3.179    -5.243    -7.464   2.535E-01       9.217
   23    8 O     8    -1.313     3.957    -8.680   2.535E-01       9.187
   24    8 O     8    -4.565     1.112    -8.774   2.535E-01       9.210
   25    8 O     8     0.128    -3.644    -9.153   2.535E-01       9.104
   26    8 O     8    -0.687    -0.277    -8.764   2.535E-01       9.184
   27    8 O     8    -2.534    -2.476    -8.484   2.535E-01       9.251
   28    8 O     8     3.164     0.633    -2.442   2.535E-01       9.523
   29    8 O     8    -2.010    -2.173    -4.412   2.535E-01       9.323
   30    8 O     8     4.519    -0.960    -1.211   2.535E-01       9.444
   31    8 O     8    -4.914     4.648    -4.622   2.535E-01       9.250
   32    8 O     8     2.643     0.315    -5.219   2.535E-01       9.348
   33    8 O     8     2.915     3.421    -4.430   2.535E-01       9.163
   34    8 O     8    -4.199     2.863    -6.278   2.535E-01       9.405
   35    8 O     8     3.434    -5.123     0.284   2.535E-01       9.217
   36    8 O     8     1.127    -4.989    -3.982   2.535E-01       9.559
   37    8 O     8     0.102     0.054    -3.272   2.535E-01       9.535
   38    8 O     8    -1.604     3.057    -4.852   2.535E-01       9.339
   39    8 O     8    -2.091     4.808    -6.537   2.535E-01       9.400
   40    8 O     8    -2.253     2.710    -2.079   2.535E-01       9.459
   41    8 O     8    -0.046    -1.036    -6.340   2.535E-01       9.133
   42    8 O     8     3.338    -4.500    -5.194   2.535E-01       9.378
   43    8 O     8     0.186    -5.221    -1.664   2.535E-01       9.338
   44    8 O     8     2.246    -2.366    -6.935   2.535E-01       9.256
   45    8 O     8    -2.856    -0.503    -6.173   2.535E-01       9.343
   46    8 O     8     0.762    -2.764    -0.331   2.535E-01       9.354
   47    8 O     8     3.666    -5.226    -2.717   2.535E-01       9.311
   48    8 O     8     1.120    -2.290    -3.458   2.535E-01       9.514
   49    8 O     8     3.050    -3.129    -1.561   2.535E-01       9.288
   50    8 O     8    -2.475    -5.304    -3.313   2.535E-01       9.167
   51    8 O     8    -2.139     5.329    -0.085   2.535E-01       9.250
   52    8 O     8     1.275     0.867    -0.305   2.535E-01       9.324
   53    8 O     8     0.978     4.269    -6.362   2.535E-01       9.173
   54    8 O     8    -4.846     1.340    -1.547   2.535E-01       9.321
   55    8 O     8    -3.414    -3.610    -6.316   2.535E-01       9.346
   56    8 O     8    -4.070    -1.076    -2.442   2.535E-01       9.466
   57    8 O     8    -5.055     1.804    -4.118   2.535E-01       9.370
   58    8 O     8    -0.011    -3.758    -6.633   2.535E-01       9.366
   59    8 O     8    -1.533    -3.264    -1.652   2.535E-01       9.603
   60    8 O     8     0.306     1.716    -5.356   2.535E-01       9.391
   61    8 O     8     2.883     3.389    -1.267   2.535E-01       9.392
   62    8 O     8    -4.477    -3.917    -1.209   2.535E-01       9.548
   63    8 O     8    -2.279     0.848    -3.620   2.535E-01       9.473
   64    8 O     8     3.587    -1.823    -3.898   2.535E-01       9.548
   65    8 O     8    -5.312    -2.190    -6.931   2.535E-01       9.321
   66    8 O     8    -1.695    -0.793    -1.329   2.535E-01       9.300
   67    8 O     8    -0.558     2.935     0.737   2.535E-01       9.230
   68    8 O     8    -4.737    -3.361    -3.804   2.535E-01       9.332
   69    8 O     8    -4.762     4.319    -1.404   2.535E-01       9.478
   70    8 O     8     5.353    -0.470    -5.039   2.535E-01       9.551
   71    8 O     8    -2.222     2.020    -7.585   2.535E-01       9.257
   72    8 O     8     0.598     2.952    -2.168   2.535E-01       9.314
   73   14 SI    6     1.620     4.843     1.965   6.000E-01      13.915
   74   14 SI    6     4.305     1.805     2.321   6.000E-01      13.145
   75   14 SI    6     0.624     3.533     3.657   6.000E-01      14.137
   76   14 SI    6     3.106     0.559     3.832   6.000E-01      14.121
   77   14 SI    6     1.781     2.034     5.013   6.000E-01      14.003
   78   14 SI    6     4.251     4.825     4.971   6.000E-01      14.000
   79   14 SI    6     1.588    -0.513     2.495   6.000E-01      13.051
   80   14 SI    6     4.826    -3.489     2.469   6.000E-01      13.052
   81   14 SI    6     0.322    -2.017     3.692   6.000E-01      14.157
   82   14 SI    6     2.992    -4.658     3.449   6.000E-01      14.159
   83   14 SI    6     1.746    -3.383     4.961   6.000E-01      14.005
   84   14 SI    6     4.566    -0.835     4.965   6.000E-01      14.015
   85   14 SI    6    -3.859     4.623     2.586   6.000E-01      13.103
   86   14 SI    6    -0.520     2.050     2.318   6.000E-01      13.135
   87   14 SI    6    -5.226     3.262     3.788   6.000E-01      14.108
   88   14 SI    6    -2.340     0.857     3.289   6.000E-01      14.050
   89   14 SI    6    -3.648     1.969     4.935   6.000E-01      14.043
   90   14 SI    6    -0.837     4.616     5.060   6.000E-01      14.008
   91   14 SI    6    -3.926    -0.240     1.893   6.000E-01      13.027
   92   14 SI    6    -0.888    -3.522     2.455   6.000E-01      13.013
   93   14 SI    6    -4.648    -1.879     3.501   6.000E-01      14.149
   94   14 SI    6    -2.182    -4.988     3.654   6.000E-01      14.133
   95   14 SI    6    -3.474    -3.432     4.833   6.000E-01      14.048
   96   14 SI    6    -1.077    -0.539     4.819   6.000E-01      14.011
   97   14 SI    6     0.386     0.655     6.263   6.000E-01      14.003
   98   14 SI    6     3.056     3.372     6.369   6.000E-01      14.005
   99   14 SI    6     0.508    -4.836     6.327   6.000E-01      13.993
  100   14 SI    6     3.162    -2.108     6.315   6.000E-01      13.992
  101   14 SI    6    -4.924     0.577     6.325   6.000E-01      13.977
  102   14 SI    6    -2.240     3.260     6.312   6.000E-01      13.997
  103   14 SI    6    -4.890    -4.740     6.174   6.000E-01      14.006
  104   14 SI    6    -2.214    -2.046     6.195   6.000E-01      14.009
  105   14 SI    6     1.711     4.602     7.788   6.000E-01      14.009
  106   14 SI    6     4.392     1.937     7.638   6.000E-01      13.997
  107   14 SI    6     0.364     3.218     9.193   6.000E-01      13.958
  108   14 SI    6     2.999     0.667     9.103   6.000E-01      14.008
  109   14 SI    6     1.614     1.854    10.654   6.000E-01      14.069
  110   14 SI    6     4.339     4.381    10.343   6.000E-01      14.090
  111   14 SI    6     1.778    -0.711     7.618   6.000E-01      13.994
  112   14 SI    6     4.494    -3.498     7.621   6.000E-01      13.988
  113   14 SI    6     0.588    -2.227     8.940   6.000E-01      14.024
  114   14 SI    6     3.268    -4.962     8.942   6.000E-01      13.995
  115   14 SI    6     2.142    -3.425    10.240   6.000E-01      14.100
  116   14 SI    6     4.394    -0.708    10.430   6.000E-01      14.070
  117   14 SI    6    -3.592     4.695     7.560   6.000E-01      13.976
  118   14 SI    6    -0.909     1.939     7.704   6.000E-01      13.989
  119   14 SI    6    -4.927     3.281     8.886   6.000E-01      14.002
  120   14 SI    6    -2.175     0.426     8.932   6.000E-01      14.020
  121   14 SI    6    -3.564     1.842    10.067   6.000E-01      14.164
  122   14 SI    6    -0.735     5.060    10.184   6.000E-01      14.051
  123   14 SI    6    -3.590    -0.823     7.609   6.000E-01      13.988
  124   14 SI    6    -0.825    -3.387     7.505   6.000E-01      14.007
  125   14 SI    6    -4.973    -2.079     9.015   6.000E-01      13.995
  126   14 SI    6    -2.224    -4.679     8.806   6.000E-01      14.016
  127   14 SI    6    -3.653    -3.574    10.278   6.000E-01      14.141
  128   14 SI    6    -0.924    -1.066    10.265   6.000E-01      14.098
  129   14 SI    6     0.382     0.025   -10.102   6.000E-01      12.945
  130   14 SI    6     2.798     3.491    -9.940   6.000E-01      13.602
  131   14 SI    6     0.818    -4.681   -10.335   6.000E-01      13.066
  132   14 SI    6     3.461    -2.306   -10.093   6.000E-01      13.529
  133   14 SI    6    -4.646     0.496   -10.365   6.000E-01      13.113
  134   14 SI    6    -2.024     4.771    -9.916   6.000E-01      12.609
  135   14 SI    6    -4.768    -5.263   -10.410   6.000E-01      13.768
  136   14 SI    6    -2.521    -2.096   -10.178   6.000E-01      13.039
  137  272 HF   11     2.935    -0.156    -0.417   2.055E-01       9.695
  138  272 HF   11     1.351     2.718    -0.213   2.055E-01       9.466
  139  272 HF   11     2.672    -3.318     0.287   2.055E-01       9.380
  140  272 HF   11    -5.341    -5.232     0.160   2.055E-01       9.443
  141  272 HF   11    -0.672    -4.326    -0.118   2.055E-01       9.313
  142  272 HF   11    -2.907     0.275    -8.031   2.055E-01       9.370
  143  272 HF   11    -4.625    -3.808    -8.189   2.055E-01       9.535
  144  272 HF   11     0.582    -1.945    -7.985   2.055E-01       9.406
  145  272 HF   11    -3.303     3.883    -7.763   2.055E-01       9.296
  146  272 HF   11    -0.015    -1.745    -1.810   2.055E-01       9.674
  147  272 HF   11    -3.193    -2.177    -0.978   2.055E-01       9.485
  148  272 HF   11     4.944    -2.618    -2.189   2.055E-01       9.860
  149  272 HF   11    -2.323     3.395    -0.179   2.055E-01       9.270
  150  272 HF   11     2.023    -0.475    -3.584   2.055E-01       9.359
  151  272 HF   11    -2.930     0.754    -1.595   2.055E-01       9.341
  152  272 HF   11     1.714    -4.764    -6.364   2.055E-01       9.383
  153  272 HF   11     2.692    -3.626    -3.529   2.055E-01       9.445
  154  272 HF   11     2.147     1.895    -6.437   2.055E-01       9.288
  155  272 HF   11    -3.916    -2.112    -5.173   2.055E-01       9.297
  156  272 HF   11     5.183     1.396    -6.083   2.055E-01       9.545
  157  272 HF   11     2.230     4.280    -2.957   2.055E-01       9.425
  158  272 HF   11    -0.530     3.061    -6.803   2.055E-01       9.379
  159  272 HF   11    -4.386    -5.286    -2.985   2.055E-01       9.583
  160  272 HF   11    -1.811    -4.168    -7.204   2.055E-01       9.231
  161  272 HF   11    -0.717    -4.453    -3.146   2.055E-01       9.524
  162  272 HF   11    -0.641     2.051    -3.482   2.055E-01       9.322
  163  272 HF   11     3.773    -1.276    -6.317   2.055E-01       9.284
  164  272 HF   11    -3.559     3.094    -4.331   2.055E-01       9.615
  165  272 HF   11     4.705     2.851    -0.812   2.055E-01       9.831
  166  272 HF   11    -1.251    -0.527    -4.996   2.055E-01       9.411
  167  272 HF   11     4.344     4.719    -6.132   2.055E-01       9.366
  168  272 HF   11     5.043     0.175    -2.972   2.055E-01       9.385
 *******************************************************************************
 DE(K)                   0.000E+00  ENERGY LEVEL SHIFTING        0.00000
 TOTAL ENERGY -2.5512179580550E+04  CONVERGENCE ON ENER        1.809E-07
 KIN. ENERGY   2.4362097436490E+04  VIR. COEFF.           1.01219441E+00
 N. OF SCF CYCLES              138  FERMI ENERGY              -0.425E-01
 WEIGHT OF F(I) IN F(I+1)      97
 SHRINK. FACT.(MONKH.)     2  2  2  SHRINKING FACTOR(GILAT NET)        2
 NUMBER OF K POINTS IN THE IBZ   8  CELL VOLUME (A.U.)       17174.87506
 *******************************************************************************

 GCALCO - MAX INDICES DIRECT LATTICE VECTOR    19    18     9
 NO.OF VECTORS CREATED 6999 STARS 1061 RMAX   306.43263 BOHR

 DIMENSIONS  P(G)= 9470330 F(G)= 1678215 P(G),F(G) (IRR) 4743565
 MAX G-VECTOR INDEX FOR 1- AND 2-ELECTRON INTEGRALS  65


 CAPPA:IS1  2;IS2  2;IS3  2; K PTS MONK NET    8; SYMMOPS: K SPACE  2;G SPACE  1


 CAPPA:IS1  6;IS2  6;IS3  3; K PTS MONK NET   56; SYMMOPS: K SPACE  2;G SPACE  1

 *******************************************************************************
 RESTART WITH NEW K POINTS NET
 *******************************************************************************
 POINTS IN THE IBZ                  56 POINTS(GILAT NET)                56
 SHRINK FACTORS(MONK.)         6  6  3 SHRINK FACTOR(GILAT)              6
 *******************************************************************************
 *** K POINTS COORDINATES (OBLIQUE COORDINATES IN UNITS OF IS =  6)
   1-R(  0  0  0)   2-C(  1  0  0)   3-C(  2  0  0)   4-R(  3  0  0)
   5-C(  0  1  0)   6-C(  1  1  0)   7-C(  2  1  0)   8-C(  3  1  0)
   9-C(  4  1  0)  10-C(  5  1  0)  11-C(  0  2  0)  12-C(  1  2  0)
  13-C(  2  2  0)  14-C(  3  2  0)  15-C(  4  2  0)  16-C(  5  2  0)
  17-R(  0  3  0)  18-C(  1  3  0)  19-C(  2  3  0)  20-R(  3  3  0)
  21-C(  0  0  1)  22-C(  1  0  1)  23-C(  2  0  1)  24-C(  3  0  1)
  25-C(  4  0  1)  26-C(  5  0  1)  27-C(  0  1  1)  28-C(  1  1  1)
  29-C(  2  1  1)  30-C(  3  1  1)  31-C(  4  1  1)  32-C(  5  1  1)
  33-C(  0  2  1)  34-C(  1  2  1)  35-C(  2  2  1)  36-C(  3  2  1)
  37-C(  4  2  1)  38-C(  5  2  1)  39-C(  0  3  1)  40-C(  1  3  1)
  41-C(  2  3  1)  42-C(  3  3  1)  43-C(  4  3  1)  44-C(  5  3  1)
  45-C(  0  4  1)  46-C(  1  4  1)  47-C(  2  4  1)  48-C(  3  4  1)
  49-C(  4  4  1)  50-C(  5  4  1)  51-C(  0  5  1)  52-C(  1  5  1)
  53-C(  2  5  1)  54-C(  3  5  1)  55-C(  4  5  1)  56-C(  5  5  1)

 FERMI ENERGY AND DENSITY MATRIX CALCULATION ON COMPUTED EIGENVECTORS
 DENSITY MATRIX AT SCF CYCLE (138+1)


    ALPHA      ELECTRONS
 INSULATING STATE
 TOP OF VALENCE BANDS -    BAND    928; K   47; EIG -4.2357279E-02 AU
 TOP OF VALENCE BANDS -    BAND    928; K    1; EIG -4.5192984E-02 AU
 BOTTOM OF VIRTUAL BANDS - BAND    929; K    1; EIG -2.8903558E-02 AU

    BETA       ELECTRONS
 INSULATING STATE
 TOP OF VALENCE BANDS -    BAND    928; K   15; EIG -4.4282432E-02 AU
 TOP OF VALENCE BANDS -    BAND    928; K    1; EIG -4.5192984E-02 AU
 BOTTOM OF VIRTUAL BANDS - BAND    929; K    1; EIG -2.9141141E-02 AU

 CORE DENSITY MATRIX CALCULATION
 TTTTTTTTTTTTTTTTTTTTTTTTTTTTTT NEWK        TELAPSE    92068.58 TCPU   264374.04
 TTTTTTTTTTTTTTTTTTTTTTTTTTTTTT SETPRINT    TELAPSE    92068.58 TCPU   264374.05

 *******************************************************************************
 HYPERFINE ELECTRON-NUCLEAR SPIN INTERACTION TENSOR
 ANISOTROPIC COMPONENTS - THE TENSOR IS TRACELESS
 *******************************************************************************


 POINT   ATOM  MASS NO  NUCLEAR G FACTOR
    1    1 O      17      -0.7575220

 TENSOR IN ORIGINAL CARTESIAN AXES
 XX -7.251881E-04 YY  1.177848E-04 ZZ  6.074033E-04 XY  4.349906E-04 XZ  5.136440E-05 YZ  1.011881E-03

 TENSOR IN PRINCIPAL AXIS SYSTEM
 AA -1.034503E-03 BB -4.141269E-04 CC  1.448630E-03

 PRINCIPAL AXES
         X             Y             Z
 A  7.506608E-01 -5.726854E-01  3.294538E-01
 B  6.448501E-01  5.265486E-01 -5.539990E-01
 C  1.437937E-01  6.283137E-01  7.645556E-01

 ANGLES BETWEEN PRINCIPAL AXES AND ORIGINAL AXES (DEGREES)
         X             Y             Z
 A     41.352348    124.937700     70.764376
 B     49.845560     58.227450    123.641797
 C     81.732566     51.074184     40.132525


 POINT   ATOM  MASS NO  NUCLEAR G FACTOR
    2    2 O      17      -0.7575220

 TENSOR IN ORIGINAL CARTESIAN AXES
 XX -2.955199E-03 YY -3.932982E-04 ZZ  3.348497E-03 XY -3.651949E-05 XZ -8.098283E-04 YZ -1.755911E-03

 TENSOR IN PRINCIPAL AXIS SYSTEM
 AA -3.087040E-03 BB -1.033916E-03 CC  4.120955E-03

 PRINCIPAL AXES
         X             Y             Z
 A  9.813636E-01  1.140946E-01  1.546220E-01
 B -1.614205E-01  9.260256E-01  3.412037E-01
 C -1.042544E-01 -3.598040E-01  9.271850E-01

 ANGLES BETWEEN PRINCIPAL AXES AND ORIGINAL AXES (DEGREES)
         X             Y             Z
 A     11.078880     83.448592     81.105124
 B     99.289355     22.176477     70.049773
 C     95.984214    111.088162     21.999821


 POINT   ATOM  MASS NO  NUCLEAR G FACTOR
    3    3 O      17      -0.7575220

 TENSOR IN ORIGINAL CARTESIAN AXES
 XX  2.352844E-04 YY  1.043490E-03 ZZ -1.278775E-03 XY -7.792105E-04 XZ -7.270344E-04 YZ -1.801260E-03

 TENSOR IN PRINCIPAL AXIS SYSTEM
 AA  5.267800E-04 BB  2.094981E-03 CC -2.621761E-03

 PRINCIPAL AXES
         X             Y             Z
 A  9.198185E-01  2.143037E-02 -3.917585E-01
 B -2.023721E-01  8.813434E-01 -4.269418E-01
 C  3.361242E-01  4.719900E-01  8.150129E-01

 ANGLES BETWEEN PRINCIPAL AXES AND ORIGINAL AXES (DEGREES)
         X             Y             Z
 A     23.100439     88.772036    113.063960
 B    101.675707     28.195156    115.273638
 C     70.359085     61.836452     35.411366


 POINT   ATOM  MASS NO  NUCLEAR G FACTOR
    4    4 O      17      -0.7575220

 TENSOR IN ORIGINAL CARTESIAN AXES
 XX  1.048674E-03 YY  3.274738E-04 ZZ -1.376148E-03 XY  6.775903E-04 XZ  2.539376E-05 YZ -1.978812E-04

 TENSOR IN PRINCIPAL AXIS SYSTEM
 AA  1.457924E-03 BB -5.431991E-05 CC -1.403605E-03

 PRINCIPAL AXES
         X             Y             Z
 A  8.551669E-01  5.175701E-01 -2.847545E-02
 B -5.162569E-01  8.454879E-01 -1.364879E-01
 C -4.656640E-02  1.314206E-01  9.902324E-01

 ANGLES BETWEEN PRINCIPAL AXES AND ORIGINAL AXES (DEGREES)
         X             Y             Z
 A     31.221827     58.830601     91.631744
 B    121.081508     32.275750     97.844667
 C     92.669024     82.448310      8.014672


 POINT   ATOM  MASS NO  NUCLEAR G FACTOR
    5    5 O      17      -0.7575220

 TENSOR IN ORIGINAL CARTESIAN AXES
 XX -5.268786E-04 YY  1.343532E-03 ZZ -8.166533E-04 XY -5.897083E-04 XZ -1.971701E-03 YZ  1.794107E-03

 TENSOR IN PRINCIPAL AXIS SYSTEM
 AA -1.712582E-04 BB  3.053286E-03 CC -2.882027E-03

 PRINCIPAL AXES
         X             Y             Z
 A  6.928849E-01  6.469142E-01 -3.184533E-01
 B -4.213519E-01  7.216646E-01  5.492383E-01
 C  5.851266E-01 -2.463780E-01  7.726091E-01

 ANGLES BETWEEN PRINCIPAL AXES AND ORIGINAL AXES (DEGREES)
         X             Y             Z
 A     46.141092     49.690649    108.569413
 B    114.919970     43.807913     56.685227
 C     54.188069    104.263284     39.411237


 POINT   ATOM  MASS NO  NUCLEAR G FACTOR
    6    6 O      17      -0.7575220

 TENSOR IN ORIGINAL CARTESIAN AXES
 XX  3.131700E-03 YY  5.594994E-04 ZZ -3.691199E-03 XY  1.200293E-03 XZ  4.143251E-03 YZ  2.055786E-03

 TENSOR IN PRINCIPAL AXIS SYSTEM
 AA  5.839488E-03 BB  1.021001E-04 CC -5.941588E-03

 PRINCIPAL AXES
         X             Y             Z
 A  8.258106E-01  3.575372E-01  4.361239E-01
 B -4.146319E-01  9.091178E-01  3.981440E-02
 C -3.822529E-01 -2.137100E-01  8.990054E-01

 ANGLES BETWEEN PRINCIPAL AXES AND ORIGINAL AXES (DEGREES)
         X             Y             Z
 A     34.329243     69.050976     64.143170
 B    114.496140     24.616279     87.718200
 C    112.473300    102.339859     25.972358


 POINT   ATOM  MASS NO  NUCLEAR G FACTOR
    7    7 O      17      -0.7575220

 TENSOR IN ORIGINAL CARTESIAN AXES
 XX  9.275087E-04 YY -1.183428E-03 ZZ  2.559189E-04 XY  2.181603E-03 XZ  1.284951E-03 YZ -1.765381E-03

 TENSOR IN PRINCIPAL AXIS SYSTEM
 AA  2.316475E-03 BB -3.740030E-03 CC  1.423555E-03

 PRINCIPAL AXES
         X             Y             Z
 A  8.701997E-01  4.732003E-01  1.372371E-01
 B -4.764602E-01  7.372922E-01  4.789424E-01
 C  1.254519E-01 -4.821636E-01  8.670526E-01

 ANGLES BETWEEN PRINCIPAL AXES AND ORIGINAL AXES (DEGREES)
         X             Y             Z
 A     29.518148     61.757766     82.112001
 B    118.454468     42.498739     61.383646
 C     82.793149    118.826803     29.882087


 POINT   ATOM  MASS NO  NUCLEAR G FACTOR
    8    8 O      17      -0.7575220

 TENSOR IN ORIGINAL CARTESIAN AXES
 XX  2.183139E-03 YY -1.496370E-03 ZZ -6.867688E-04 XY  5.175065E-04 XZ  3.380434E-03 YZ  4.141659E-04

 TENSOR IN PRINCIPAL AXIS SYSTEM
 AA  4.493332E-03 BB -1.566527E-03 CC -2.926805E-03

 PRINCIPAL AXES
         X             Y             Z
 A  8.283820E-01  1.095569E-01  5.493456E-01
 B -1.154197E-01  9.930270E-01 -2.399472E-02
 C -5.481437E-01 -4.352849E-02  8.352507E-01

 ANGLES BETWEEN PRINCIPAL AXES AND ORIGINAL AXES (DEGREES)
         X             Y             Z
 A     34.067112     83.710226     56.677873
 B     96.627832      6.770196     91.374928
 C    123.239758     92.494787     33.358049


 POINT   ATOM  MASS NO  NUCLEAR G FACTOR
    9    9 O      17      -0.7575220

 TENSOR IN ORIGINAL CARTESIAN AXES
 XX  5.207222E-04 YY -1.900456E-03 ZZ  1.379734E-03 XY -2.015782E-03 XZ  4.991752E-04 YZ -1.082312E-03

 TENSOR IN PRINCIPAL AXIS SYSTEM
 AA  2.536438E-03 BB -3.152918E-03 CC  6.164792E-04

 PRINCIPAL AXES
         X             Y             Z
 A  6.021608E-01 -4.366221E-01  6.684037E-01
 B  4.583607E-01  8.745466E-01  1.583467E-01
 C -6.536878E-01  2.110199E-01  7.267481E-01

 ANGLES BETWEEN PRINCIPAL AXES AND ORIGINAL AXES (DEGREES)
         X             Y             Z
 A     52.975188    115.888556     48.056020
 B     62.718620     29.008639     80.889056
 C    130.820229     77.817875     43.385534


 POINT   ATOM  MASS NO  NUCLEAR G FACTOR
   10   10 O      17      -0.7575220

 TENSOR IN ORIGINAL CARTESIAN AXES
 XX -1.268129E-03 YY -1.894399E-03 ZZ  3.162528E-03 XY  1.884074E-03 XZ  1.939320E-04 YZ  9.179372E-04

 TENSOR IN PRINCIPAL AXIS SYSTEM
 AA  1.514279E-04 BB -3.541546E-03 CC  3.390119E-03

 PRINCIPAL AXES
         X             Y             Z
 A  7.651785E-01  6.004385E-01 -2.323262E-01
 B -6.312380E-01  7.706647E-01 -8.726100E-02
 C  1.266507E-01  2.134234E-01  9.687157E-01

 ANGLES BETWEEN PRINCIPAL AXES AND ORIGINAL AXES (DEGREES)
         X             Y             Z
 A     40.077123     53.098692    103.434063
 B    129.141520     39.586383     95.006054
 C     82.723906     77.676954     14.369439


 POINT   ATOM  MASS NO  NUCLEAR G FACTOR
   11   11 O      17      -0.7575220

 TENSOR IN ORIGINAL CARTESIAN AXES
 XX  1.244587E-02 YY -9.588342E-03 ZZ -2.857528E-03 XY  9.105086E-03 XZ  5.103726E-03 YZ -9.274091E-03

 TENSOR IN PRINCIPAL AXIS SYSTEM
 AA  1.590621E-02 BB -1.947285E-02 CC  3.566639E-03

 PRINCIPAL AXES
         X             Y             Z
 A  9.480289E-01  2.984319E-01  1.103613E-01
 B -3.097880E-01  7.865591E-01  5.341874E-01
 C  7.261287E-02 -5.406137E-01  8.381314E-01

 ANGLES BETWEEN PRINCIPAL AXES AND ORIGINAL AXES (DEGREES)
         X             Y             Z
 A     18.553151     72.636557     83.663858
 B    108.046452     38.134890     57.711182
 C     85.835924    122.725423     33.056677


 POINT   ATOM  MASS NO  NUCLEAR G FACTOR
   12   12 O      17      -0.7575220

 TENSOR IN ORIGINAL CARTESIAN AXES
 XX  2.076489E-03 YY -2.241021E-03 ZZ  1.645319E-04 XY -2.387531E-04 XZ -1.320531E-03 YZ  1.074985E-03

 TENSOR IN PRINCIPAL AXIS SYSTEM
 AA  2.851627E-03 BB -2.666011E-03 CC -1.856167E-04

 PRINCIPAL AXES
         X             Y             Z
 A  8.646473E-01 -1.422420E-01 -4.818219E-01
 B -5.882575E-02  9.238157E-01 -3.782910E-01
 C  4.989235E-01  3.554319E-01  7.904072E-01

 ANGLES BETWEEN PRINCIPAL AXES AND ORIGINAL AXES (DEGREES)
         X             Y             Z
 A     30.157547     98.177601    118.804459
 B     93.372414     22.509558    112.227866
 C     60.071198     69.180086     37.776417


 POINT   ATOM  MASS NO  NUCLEAR G FACTOR
   13   13 O      17      -0.7575220

 TENSOR IN ORIGINAL CARTESIAN AXES
 XX -1.238283E-01 YY  2.409162E-02 ZZ  9.973667E-02 XY  1.335486E-01 XZ  2.290412E-02 YZ -1.582439E-02

 TENSOR IN PRINCIPAL AXIS SYSTEM
 AA -2.050587E-01 BB  1.045431E-01 CC  1.005157E-01

 PRINCIPAL AXES
         X             Y             Z
 A  8.576781E-01 -5.061193E-01 -9.072773E-02
 B  3.305866E-01  6.779221E-01 -6.566081E-01
 C  3.938284E-01  5.331650E-01  7.487552E-01

 ANGLES BETWEEN PRINCIPAL AXES AND ORIGINAL AXES (DEGREES)
         X             Y             Z
 A     30.943130    120.405684     95.205474
 B     70.695615     47.318522    131.041695
 C     66.807078     57.780450     41.517337


 POINT   ATOM  MASS NO  NUCLEAR G FACTOR
   14   14 O      17      -0.7575220

 TENSOR IN ORIGINAL CARTESIAN AXES
 XX  3.256139E-03 YY -1.241100E-02 ZZ  9.154859E-03 XY  1.355801E-02 XZ  3.787425E-03 YZ -9.248360E-03

 TENSOR IN PRINCIPAL AXIS SYSTEM
 AA  1.023712E-02 BB -2.326576E-02 CC  1.302863E-02

 PRINCIPAL AXES
         X             Y             Z
 A  8.077528E-01  2.694334E-01  5.243481E-01
 B -4.680527E-01  8.338712E-01  2.925501E-01
 C -3.584160E-01 -4.817307E-01  7.996708E-01

 ANGLES BETWEEN PRINCIPAL AXES AND ORIGINAL AXES (DEGREES)
         X             Y             Z
 A     36.123044     74.369445     58.375629
 B    117.907965     33.501521     72.989310
 C    111.002950    118.798501     36.901319


 POINT   ATOM  MASS NO  NUCLEAR G FACTOR
   15   15 O      17      -0.7575220

 TENSOR IN ORIGINAL CARTESIAN AXES
 XX -3.087077E-03 YY -6.151804E-05 ZZ  3.148595E-03 XY  1.274742E-03 XZ  7.084988E-04 YZ  3.703566E-03

 TENSOR IN PRINCIPAL AXIS SYSTEM
 AA -3.660122E-03 BB -2.109446E-03 CC  5.769567E-03

 PRINCIPAL AXES
         X             Y             Z
 A  8.588362E-01 -4.821840E-01  1.729130E-01
 B  4.912363E-01  6.795719E-01 -5.448569E-01
 C  1.452144E-01  5.528840E-01  8.205072E-01

 ANGLES BETWEEN PRINCIPAL AXES AND ORIGINAL AXES (DEGREES)
         X             Y             Z
 A     30.813833    118.828139     80.042769
 B     60.578130     47.189805    123.014884
 C     81.650302     56.434908     34.864401


 POINT   ATOM  MASS NO  NUCLEAR G FACTOR
   16   16 O      17      -0.7575220

 TENSOR IN ORIGINAL CARTESIAN AXES
 XX -6.315938E-03 YY  4.308691E-03 ZZ  2.007247E-03 XY  3.491012E-03 XZ -3.553910E-03 YZ  1.169067E-03

 TENSOR IN PRINCIPAL AXIS SYSTEM
 AA -8.670343E-03 BB  5.357662E-03 CC  3.312681E-03

 PRINCIPAL AXES
         X             Y             Z
 A  9.034924E-01 -2.727921E-01  3.305843E-01
 B  2.736223E-01  9.607837E-01  4.500685E-02
 C -3.298975E-01  4.979187E-02  9.427027E-01

 ANGLES BETWEEN PRINCIPAL AXES AND ORIGINAL AXES (DEGREES)
         X             Y             Z
 A     25.379006    105.830482     70.695759
 B     74.120072     16.099070     87.420426
 C    109.262552     87.145956     19.489486


 POINT   ATOM  MASS NO  NUCLEAR G FACTOR
   17   17 O      17      -0.7575220

 TENSOR IN ORIGINAL CARTESIAN AXES
 XX  1.055770E-03 YY -2.449479E-03 ZZ  1.393709E-03 XY  2.879287E-03 XZ  3.925292E-03 YZ  2.689831E-03

 TENSOR IN PRINCIPAL AXIS SYSTEM
 AA  6.823658E-03 BB -4.146798E-03 CC -2.676860E-03

 PRINCIPAL AXES
         X             Y             Z
 A  6.431921E-01  3.907226E-01  6.585133E-01
 B -3.667333E-01  9.121474E-01 -1.830132E-01
 C -6.721686E-01 -1.237861E-01  7.299769E-01

 ANGLES BETWEEN PRINCIPAL AXES AND ORIGINAL AXES (DEGREES)
         X             Y             Z
 A     49.969743     67.000530     48.813410
 B    111.514292     24.196189    100.545322
 C    132.234663     97.110660     43.115540


 POINT   ATOM  MASS NO  NUCLEAR G FACTOR
   18   18 O      17      -0.7575220

 TENSOR IN ORIGINAL CARTESIAN AXES
 XX -5.589028E-02 YY -1.373471E-02 ZZ  6.962499E-02 XY -1.474958E-02 XZ  2.013793E-02 YZ -7.797713E-02

 TENSOR IN PRINCIPAL AXIS SYSTEM
 AA -5.760169E-02 BB -6.227635E-02 CC  1.198780E-01

 PRINCIPAL AXES
         X             Y             Z
 A  7.758313E-01 -4.757706E-01 -4.144010E-01
 B  6.152026E-01  7.162159E-01  3.294853E-01
 C  1.400412E-01 -5.105656E-01  8.483580E-01

 ANGLES BETWEEN PRINCIPAL AXES AND ORIGINAL AXES (DEGREES)
         X             Y             Z
 A     39.119540    118.409534    114.481600
 B     52.033354     44.257067     70.762464
 C     81.949771    120.701509     31.966478


 POINT   ATOM  MASS NO  NUCLEAR G FACTOR
   19   19 O      17      -0.7575220

 TENSOR IN ORIGINAL CARTESIAN AXES
 XX  9.337835E-03 YY -6.686631E-04 ZZ -8.669172E-03 XY  2.806099E-03 XZ  6.987823E-03 YZ -1.190302E-02

 TENSOR IN PRINCIPAL AXIS SYSTEM
 AA  1.196455E-02 BB  7.148657E-03 CC -1.911321E-02

 PRINCIPAL AXES
         X             Y             Z
 A  8.916386E-01 -1.894054E-01  4.112253E-01
 B  3.775577E-01  8.123293E-01 -4.444900E-01
 C -2.498616E-01  5.515857E-01  7.958156E-01

 ANGLES BETWEEN PRINCIPAL AXES AND ORIGINAL AXES (DEGREES)
         X             Y             Z
 A     26.920124    100.918084     65.718168
 B     67.817515     35.675865    116.390711
 C    104.469322     56.524134     37.267644


 POINT   ATOM  MASS NO  NUCLEAR G FACTOR
   20   20 O      17      -0.7575220

 TENSOR IN ORIGINAL CARTESIAN AXES
 XX -1.199417E-01 YY  1.819217E-02 ZZ  1.017496E-01 XY  2.389890E-01 XZ  1.801317E-01 YZ -1.306524E-01

 TENSOR IN PRINCIPAL AXIS SYSTEM
 AA -3.985875E-01 BB  1.955253E-01 CC  2.030622E-01

 PRINCIPAL AXES
         X             Y             Z
 A  7.318684E-01 -5.470454E-01 -4.063371E-01
 B  3.136511E-01  7.997909E-01 -5.118179E-01
 C  6.049724E-01  2.471352E-01  7.569231E-01

 ANGLES BETWEEN PRINCIPAL AXES AND ORIGINAL AXES (DEGREES)
         X             Y             Z
 A     42.956739    123.164553    113.974946
 B     71.720598     36.889863    120.784993
 C     52.773147     75.691945     40.806308


 POINT   ATOM  MASS NO  NUCLEAR G FACTOR
   21   21 O      17      -0.7575220

 TENSOR IN ORIGINAL CARTESIAN AXES
 XX  6.349976E-03 YY  8.141881E-03 ZZ -1.449186E-02 XY  1.637724E-03 XZ -5.111623E-03 YZ -7.529306E-04

 TENSOR IN PRINCIPAL AXIS SYSTEM
 AA  6.050207E-03 BB  9.633378E-03 CC -1.568359E-02

 PRINCIPAL AXES
         X             Y             Z
 A  7.476766E-01 -6.438867E-01 -1.624491E-01
 B  6.248260E-01  7.649673E-01 -1.562614E-01
 C  2.248828E-01  1.533058E-02  9.742652E-01

 ANGLES BETWEEN PRINCIPAL AXES AND ORIGINAL AXES (DEGREES)
         X             Y             Z
 A     41.610487    130.082255     99.349077
 B     51.330585     40.095921     98.989959
 C     77.004012     89.121588     13.026682


 POINT   ATOM  MASS NO  NUCLEAR G FACTOR
   22   22 O      17      -0.7575220

 TENSOR IN ORIGINAL CARTESIAN AXES
 XX  4.508694E-03 YY -3.912165E-03 ZZ -5.965296E-04 XY  5.034637E-04 XZ -2.096227E-03 YZ  9.742305E-03

 TENSOR IN PRINCIPAL AXIS SYSTEM
 AA  4.215349E-03 BB -1.231688E-02 CC  8.101530E-03

 PRINCIPAL AXES
         X             Y             Z
 A  9.319766E-01  3.006079E-01  2.026191E-01
 B -1.031798E-01  7.557623E-01 -6.466663E-01
 C -3.475249E-01  5.817716E-01  7.353694E-01

 ANGLES BETWEEN PRINCIPAL AXES AND ORIGINAL AXES (DEGREES)
         X             Y             Z
 A     21.254944     72.505879     78.309840
 B     95.922309     40.907979    130.290723
 C    110.336002     54.424753     42.661558


 POINT   ATOM  MASS NO  NUCLEAR G FACTOR
   23   23 O      17      -0.7575220

 TENSOR IN ORIGINAL CARTESIAN AXES
 XX -2.184084E-03 YY  1.416196E-03 ZZ  7.678878E-04 XY  8.644236E-04 XZ  1.119171E-03 YZ  2.334839E-04

 TENSOR IN PRINCIPAL AXIS SYSTEM
 AA -2.697452E-03 BB  1.877731E-03 CC  8.197201E-04

 PRINCIPAL AXES
         X             Y             Z
 A  9.394062E-01 -1.808743E-01 -2.912052E-01
 B  3.075028E-01  8.200782E-01  4.826115E-01
 C  1.515190E-01 -5.429146E-01  8.260059E-01

 ANGLES BETWEEN PRINCIPAL AXES AND ORIGINAL AXES (DEGREES)
         X             Y             Z
 A     20.047925    100.420690    106.930122
 B     72.091198     34.907380     61.143900
 C     81.285035    122.882271     34.309395


 POINT   ATOM  MASS NO  NUCLEAR G FACTOR
   24   24 O      17      -0.7575220

 TENSOR IN ORIGINAL CARTESIAN AXES
 XX -1.943761E-02 YY -6.896102E-02 ZZ  8.839863E-02 XY  1.276891E-02 XZ -9.417420E-02 YZ -2.393342E-02

 TENSOR IN PRINCIPAL AXIS SYSTEM
 AA -7.446759E-02 BB -7.194243E-02 CC  1.464100E-01

 PRINCIPAL AXES
         X             Y             Z
 A  7.622007E-01  4.099706E-01  5.009733E-01
 B -4.145753E-01  9.035078E-01 -1.086326E-01
 C -4.971695E-01 -1.248913E-01  8.586179E-01

 ANGLES BETWEEN PRINCIPAL AXES AND ORIGINAL AXES (DEGREES)
         X             Y             Z
 A     40.341411     65.797014     59.935583
 B    114.492573     25.376951     96.236497
 C    119.812910     97.174480     30.838249


 POINT   ATOM  MASS NO  NUCLEAR G FACTOR
   25   25 O      17      -0.7575220

 TENSOR IN ORIGINAL CARTESIAN AXES
 XX -7.830924E-03 YY  5.141680E-03 ZZ  2.689245E-03 XY -5.490773E-03 XZ -6.474647E-03 YZ -1.653708E-03

 TENSOR IN PRINCIPAL AXIS SYSTEM
 AA -1.271629E-02 BB  7.369313E-03 CC  5.346980E-03

 PRINCIPAL AXES
         X             Y             Z
 A  8.664519E-01  3.031423E-01  3.966937E-01
 B -4.351257E-01  8.481054E-01  3.022959E-01
 C -2.447994E-01 -4.345365E-01  8.667475E-01

 ANGLES BETWEEN PRINCIPAL AXES AND ORIGINAL AXES (DEGREES)
         X             Y             Z
 A     29.951092     72.353566     66.628354
 B    115.793293     31.993802     72.404446
 C    104.169978    115.755804     29.917145


 POINT   ATOM  MASS NO  NUCLEAR G FACTOR
   26   26 O      17      -0.7575220

 TENSOR IN ORIGINAL CARTESIAN AXES
 XX  5.095840E-03 YY -2.906576E-03 ZZ -2.189264E-03 XY -2.388356E-03 XZ  6.409111E-03 YZ -1.975470E-03

 TENSOR IN PRINCIPAL AXIS SYSTEM
 AA  9.575302E-03 BB -3.553567E-03 CC -6.021734E-03

 PRINCIPAL AXES
         X             Y             Z
 A  8.354959E-01 -2.382372E-01  4.951663E-01
 B  3.052724E-01  9.505110E-01 -5.777187E-02
 C -4.568976E-01  1.994288E-01  8.668753E-01

 ANGLES BETWEEN PRINCIPAL AXES AND ORIGINAL AXES (DEGREES)
         X             Y             Z
 A     33.332494    103.782524     60.319282
 B     72.225449     18.100870     93.311928
 C    117.187098     78.496444     29.902469


 POINT   ATOM  MASS NO  NUCLEAR G FACTOR
   27   27 O      17      -0.7575220

 TENSOR IN ORIGINAL CARTESIAN AXES
 XX -3.435720E-03 YY  3.369947E-03 ZZ  6.577222E-05 XY -1.998627E-03 XZ -8.076797E-04 YZ  9.657218E-04

 TENSOR IN PRINCIPAL AXIS SYSTEM
 AA -4.049268E-03 BB  4.230211E-03 CC -1.809434E-04

 PRINCIPAL AXES
         X             Y             Z
 A  9.613165E-01  2.417909E-01  1.319388E-01
 B -2.693625E-01  9.253369E-01  2.668250E-01
 C -5.757199E-02 -2.920426E-01  9.546709E-01

 ANGLES BETWEEN PRINCIPAL AXES AND ORIGINAL AXES (DEGREES)
         X             Y             Z
 A     15.988613     76.007737     82.418357
 B    105.626333     22.280796     74.524578
 C     93.300457    106.980284     17.317308


 POINT   ATOM  MASS NO  NUCLEAR G FACTOR
   28   28 O      17      -0.7575220

 TENSOR IN ORIGINAL CARTESIAN AXES
 XX -3.645641E-03 YY  5.856961E-03 ZZ -2.211320E-03 XY  2.072178E-03 XZ -1.712623E-03 YZ -8.510818E-03

