
         
 *******************************************************************************
 *                                                                             *
 *                                CRYSTAL09                                    *
 *                              public : 2.0                                   *
 *                      December 10th, 2012 - sequential executable            *
 *                                                                             *
 *                                                                             *
 *                                                                             *
 *                              MAIN AUTHORS                                   *
 *                                                                             *
 *    R. DOVESI(1,10), V.R. SAUNDERS(2), C. ROETTI(1,10), R. ORLANDO (1,3),    *
 *  C.M. ZICOVICH-WILSON(1,4), F. PASCALE(5), B. CIVALLERI(1,10), K. DOLL(6),  *
 *       N.M. HARRISON(2,7), I. J. BUSH(2), Ph. D'ARCO(8), M. LLUNELL(9)       *
 *                                                                             *
 * (1) THEORETICAL CHEMISTRY GROUP - UNIVERSITA' DI TORINO - TORINO (ITALY)    *
 *      http://www.crystal.unito.it                                            *
 * (2) COMPUTATIONAL SCIENCE & ENGINEERING DEPARTMENT - CCLRC DARESBURY (UK)   *
 *     http://www.cse.clrc.ac.uk/cmg/CRYSTAL/                                  *
 * (3) UNIVERSITA' DEL PIEMONTE ORIENTALE - ALESSANDRIA (ITALY)                *
 * (4) UNIVERSIDAD AUTONOMA DEL ESTADO DE MORELOS - CUERNAVACA (MEXICO)        *
 * (5) UNIVERSITE' HENRI POINCARE' - NANCY (FRANCE)                            *
 * (6) MPI FUER FESTKOERPERFORSCHUNG - STUTTGART (GERMANY)                     *
 * (7) IMPERIAL COLLEGE - LONDON (UK)                                          *
 * (8) UNIVERSITE' PIERRE ET MARIE CURIE - PARIS (FRANCE)                      *
 * (9) UNIVERSIDAD DE BARCELONA - BARCELONA (SPAIN)                            *
 *(10) NIS - NANOSTRUCTURED INTERFACES AND SURFACES - TORINO (ITALY)           *
 *     http://www.crystal.unito.it                                             *
 *******************************************************************************
 EEEEEEEEEE STARTING  DATE 14 08 2015 TIME 18:26:53.1

 *******************************************************************************
 Created with astools                                                            
 CRYSTAL - PROPERTIES - TYPE OF CALCULATION :  UNRESTRICTED OPEN SHELL
 *******************************************************************************
 SPIN POLARIZED SYSTEM: SUMMED SPIN DENSITY    0.00136059

 KOHN-SHAM HAMILTONIAN

 (EXCHANGE)[CORRELATION] FUNCTIONAL:(BECKE)[LEE-YANG-PARR]

 NON-LOCAL WEIGHTING FACTOR (EXCHANGE) =           0.9000
 NON-LOCAL WEIGHTING FACTOR [CORRELATION] =        0.8100

 HYBRID EXCHANGE - PERCENTAGE OF FOCK EXCHANGE    20.0000

 SPIN POLARIZED DFT SELECTED

 DIRECT LATTICE VECTOR COMPONENTS (ANGSTROM)
        10.33710    0.00000    0.00000
         0.00000   10.57160    0.00000
         0.00000    0.00000   22.26090

 LATTICE PARAMETERS  (ANGSTROM AND DEGREES) - PRIMITIVE CELL
       A          B          C         ALPHA      BETA     GAMMA        VOLUME
   10.33710   10.57160   22.26090     47.6259   47.6259   47.6259    2432.66417
 *******************************************************************************
 N. OF ATOMS PER CELL      168  COULOMB OVERLAP TOL         (T1) 10** -8
 NUMBER OF SHELLS         1312  COULOMB PENETRATION TOL     (T2) 10** -8
 NUMBER OF AO             3568  EXCHANGE OVERLAP TOL        (T3) 10** -8
 N. OF ELECTRONS PER CELL 1856  EXCHANGE PSEUDO OVP (F(G))  (T4) 10** -8
 CORE ELECTRONS PER CELL   784  EXCHANGE PSEUDO OVP (P(G))  (T5) 10**-16
 N. OF SYMMETRY OPERATORS    1  POLE ORDER IN MONO ZONE                4
 CORE  PSEUDO POTENTIAL         TOL. ON PSEUDO              (TP) 10**- 6
 *******************************************************************************
   ATOM N.AT.  SHELL    X(A)      Y(A)      Z(A)      EXAD       N.ELECT.
 *******************************************************************************
    1    8 O     8     0.479     0.500    -0.154   2.535E-01       9.001
    2    8 O     8     0.654    -4.436    -0.636   2.535E-01       8.984
    3    8 O     8    -5.029     0.599    -0.224   2.535E-01       9.019
    4    8 O     8    -4.710    -4.369    -0.488   2.535E-01       9.192
    5    8 O     8     2.247     4.460     9.841   2.535E-01       9.056
    6    8 O     8     2.101    -0.758    10.109   2.535E-01       8.981
    7    8 O     8    -3.573     5.049     9.934   2.535E-01       8.938
    8    8 O     8    -3.015    -0.520    10.356   2.535E-01       8.952
    9    8 O     8    -3.532    -3.543    -8.177   2.535E-01       9.463
   10    8 O     8    -2.238     3.404   -10.728   2.535E-01       9.203
   11    8 O     8     4.234    -2.259    -8.026   2.535E-01       9.521
   12    8 O     8    -2.252     0.276    -9.508   2.535E-01       9.356
   13    8 O     8    -1.154    -2.119   -10.896   2.535E-01       9.192
   14    8 O     8    -1.095    -1.501    -7.991   2.535E-01       9.338
   15    8 O     8     3.387     3.037   -10.302   2.535E-01       9.410
   16    8 O     8     2.799     1.230    -8.030   2.535E-01       9.278
   17    8 O     8     3.816    -0.062    -9.894   2.535E-01       9.271
   18    8 O     8    -4.548     1.671    -8.305   2.535E-01       9.414
   19    8 O     8     3.714    -5.147   -10.611   2.535E-01       9.252
   20    8 O     8    -4.495     1.536    11.013   2.535E-01       9.138
   21    8 O     8     1.230    -3.308    -8.188   2.535E-01       9.338
   22    8 O     8    -4.687     4.075    -9.970   2.535E-01       9.343
   23    8 O     8     4.184    -4.661    -8.223   2.535E-01       9.374
   24    8 O     8    -3.983     4.167    -7.595   2.535E-01       9.340
   25    8 O     8     4.634    -3.479     9.847   2.535E-01       8.999
   26    8 O     8    -1.843     2.350    -8.097   2.535E-01       9.541
   27    8 O     8    -3.876    -1.058    -7.653   2.535E-01       9.502
   28    8 O     8     0.883    -0.568    -9.398   2.535E-01       9.297
   29    8 O     8     0.757    -4.443   -11.055   2.535E-01       9.267
   30    8 O     8     0.915     1.376    10.860   2.535E-01       9.161
   31    8 O     8     0.528     2.022    -8.932   2.535E-01       9.367
   32    8 O     8     2.034     4.176    -8.418   2.535E-01       9.366
   33    8 O     8    -1.273     5.269    -8.300   2.535E-01       9.380
   34    8 O     8     2.869    -2.590   -10.689   2.535E-01       9.221
   35    8 O     8    -3.970    -3.554   -10.585   2.535E-01       9.336
   36    8 O     8    -4.189    -1.326    -4.922   2.535E-01       9.306
   37    8 O     8    -0.466     5.018    -3.532   2.535E-01       9.563
   38    8 O     8     0.943     3.234    -5.944   2.535E-01       9.522
   39    8 O     8    -4.344     2.920    -4.861   2.535E-01       9.363
   40    8 O     8    -4.792    -2.520    -2.511   2.535E-01       9.369
   41    8 O     8     2.842    -4.917    -5.745   2.535E-01       9.378
   42    8 O     8     0.056     0.811    -3.119   2.535E-01       9.343
   43    8 O     8    -0.271    -1.502    -4.572   2.535E-01       9.271
   44    8 O     8    -2.249    -2.944    -5.913   2.535E-01       9.545
   45    8 O     8     4.713    -5.182    -2.975   2.535E-01       9.338
   46    8 O     8     2.451    -1.617    -6.081   2.535E-01       9.322
   47    8 O     8    -0.092     0.853    -6.475   2.535E-01       9.281
   48    8 O     8    -4.038    -4.810    -5.310   2.535E-01       9.272
   49    8 O     8    -2.215    -2.123    -0.399   2.535E-01       9.109
   50    8 O     8    -1.787     2.574    -3.303   2.535E-01       9.332
   51    8 O     8    -1.783     3.698    -5.777   2.535E-01       9.384
   52    8 O     8    -0.006    -4.562    -5.830   2.535E-01       9.328
   53    8 O     8     3.900     3.322    -6.567   2.535E-01       9.353
   54    8 O     8    -2.285    -4.682     0.349   2.535E-01       8.999
   55    8 O     8     2.457     0.889    -4.410   2.535E-01       9.479
   56    8 O     8    -1.945    -3.244    -3.372   2.535E-01       9.594
   57    8 O     8     3.743    -2.453    -0.688   2.535E-01       9.179
   58    8 O     8     4.354    -2.992    -5.270   2.535E-01       9.568
   59    8 O     8    -3.881     2.689    -1.880   2.535E-01       9.247
   60    8 O     8     3.902     2.839    -0.999   2.535E-01       9.343
   61    8 O     8    -1.773     3.477    -0.035   2.535E-01       9.082
   62    8 O     8     4.846     0.570    -3.059   2.535E-01       9.507
   63    8 O     8     4.269     0.585    -6.255   2.535E-01       9.490
   64    8 O     8     2.853     3.587    -3.981   2.535E-01       9.367
   65    8 O     8    -2.599    -0.064    -2.790   2.535E-01       9.478
   66    8 O     8    -2.886     5.158    -2.121   2.535E-01       9.383
   67    8 O     8     0.753     3.753    -1.423   2.535E-01       9.190
   68    8 O     8    -2.613     0.968    -5.182   2.535E-01       9.540
   69    8 O     8     2.803    -0.023    -1.286   2.535E-01       9.263
   70    8 O     8     0.205    -1.528    -1.954   2.535E-01       9.378
   71    8 O     8     1.867    -4.158    -3.315   2.535E-01       9.319
   72    8 O     8     3.065    -1.574    -3.389   2.535E-01       9.543
   73   14 SI    6     1.293     4.668    -0.109   6.000E-01      12.992
   74   14 SI    6     4.581     1.974     0.362   6.000E-01      13.029
   75   14 SI    6     0.573     3.271     1.637   6.000E-01      14.061
   76   14 SI    6     3.203     0.766     1.739   6.000E-01      14.160
   77   14 SI    6     1.914     2.043     3.059   6.000E-01      14.036
   78   14 SI    6     4.419     4.610     2.978   6.000E-01      13.988
   79   14 SI    6     1.916    -0.304     0.151   6.000E-01      12.932
   80   14 SI    6     4.497    -3.464     0.402   6.000E-01      13.062
   81   14 SI    6     0.728    -2.013     1.291   6.000E-01      13.989
   82   14 SI    6     3.045    -4.950     1.369   6.000E-01      14.165
   83   14 SI    6     1.902    -3.422     2.744   6.000E-01      14.022
   84   14 SI    6     4.471    -0.697     3.013   6.000E-01      13.987
   85   14 SI    6    -3.107     4.442     0.292   6.000E-01      13.178
   86   14 SI    6    -0.731     1.933     0.250   6.000E-01      13.889
   87   14 SI    6    -4.446     3.382     1.751   6.000E-01      14.235
   88   14 SI    6    -2.045     0.526     1.544   6.000E-01      14.018
   89   14 SI    6    -3.197     1.918     2.968   6.000E-01      13.980
   90   14 SI    6    -0.675     4.570     3.069   6.000E-01      14.039
   91   14 SI    6    -3.415    -0.889     0.149   6.000E-01      14.087
   92   14 SI    6    -0.713    -3.190    -0.090   6.000E-01      13.761
   93   14 SI    6    -4.575    -2.076     1.756   6.000E-01      14.056
   94   14 SI    6    -1.572    -4.231     1.916   6.000E-01      13.601
   95   14 SI    6    -3.250    -3.297     3.153   6.000E-01      14.036
   96   14 SI    6    -0.581    -0.774     2.832   6.000E-01      13.983
   97   14 SI    6     0.687     0.541     4.281   6.000E-01      13.996
   98   14 SI    6     3.264     3.250     4.433   6.000E-01      13.981
   99   14 SI    6     1.975     4.643     5.734   6.000E-01      14.018
  100   14 SI    6     4.676     1.908     5.660   6.000E-01      13.997
  101   14 SI    6     0.621     3.244     6.998   6.000E-01      14.004
  102   14 SI    6     3.446     0.460     6.931   6.000E-01      14.072
  103   14 SI    6     0.718    -4.644     4.305   6.000E-01      14.026
  104   14 SI    6     3.221    -2.176     4.261   6.000E-01      13.998
  105   14 SI    6     2.002    -0.808     5.650   6.000E-01      13.982
  106   14 SI    6     4.605    -3.332     5.779   6.000E-01      13.996
  107   14 SI    6     0.706    -2.049     7.086   6.000E-01      14.034
  108   14 SI    6     3.345    -4.731     7.148   6.000E-01      13.979
  109   14 SI    6    -4.460     0.591     4.279   6.000E-01      14.000
  110   14 SI    6    -1.995     3.269     4.410   6.000E-01      13.986
  111   14 SI    6    -3.254     4.632     5.821   6.000E-01      13.998
  112   14 SI    6    -0.590     1.913     5.591   6.000E-01      13.995
  113   14 SI    6    -4.594     3.299     7.148   6.000E-01      14.007
  114   14 SI    6    -1.825     0.725     7.067   6.000E-01      14.027
  115   14 SI    6    -4.549    -4.697     4.379   6.000E-01      14.006
  116   14 SI    6    -1.839    -1.982     4.384   6.000E-01      14.016
  117   14 SI    6    -3.131    -0.602     5.705   6.000E-01      13.989
  118   14 SI    6    -0.557    -3.353     5.705   6.000E-01      13.993
  119   14 SI    6    -4.399    -1.914     7.092   6.000E-01      13.982
  120   14 SI    6    -1.829    -4.629     7.131   6.000E-01      13.978
  121   14 SI    6     2.299     2.074     8.074   6.000E-01      14.002
  122   14 SI    6     3.913     3.940     8.515   6.000E-01      13.845
  123   14 SI    6     2.024    -3.342     8.392   6.000E-01      14.110
  124   14 SI    6     4.632    -0.704     8.584   6.000E-01      14.030
  125   14 SI    6    -3.082     2.119     8.392   6.000E-01      14.169
  126   14 SI    6    -0.669     4.492     8.519   6.000E-01      14.130
  127   14 SI    6    -2.834    -2.996     8.404   6.000E-01      14.172
  128   14 SI    6    -0.429    -0.530     8.377   6.000E-01      14.144
  129   14 SI    6     1.259     0.560     9.489   6.000E-01      13.020
  130   14 SI    6     4.461     4.035    10.966   6.000E-01      12.641
  131   14 SI    6     1.041    -4.994     9.540   6.000E-01      13.074
  132   14 SI    6     3.250    -2.111     9.876   6.000E-01      13.033
  133   14 SI    6    -4.132     0.583     9.697   6.000E-01      13.050
  134   14 SI    6    -2.414     3.806     9.901   6.000E-01      13.046
  135   14 SI    6    -4.133    -3.931     9.993   6.000E-01      12.550
  136   14 SI    6    -1.777    -1.541     9.898   6.000E-01      13.094
  137  272 HF   11    -0.601     0.479    -8.321   2.055E-01       9.285
  138  272 HF   11    -2.756    -1.781    -9.176   2.055E-01       9.696
  139  272 HF   11     4.436    -3.349    -9.777   2.055E-01       9.342
  140  272 HF   11     2.124     0.896    -9.919   2.055E-01       9.365
  141  272 HF   11     1.822     4.585   -10.338   2.055E-01       9.527
  142  272 HF   11     4.663    -0.078    -8.145   2.055E-01       9.333
  143  272 HF   11     4.097     3.965    -8.451   2.055E-01       9.204
  144  272 HF   11    -0.043     3.585    -7.898   2.055E-01       9.662
  145  272 HF   11     0.687    -2.508   -10.021   2.055E-01       9.640
  146  272 HF   11    -3.158     5.276    -8.903   2.055E-01       9.381
  147  272 HF   11    -3.273     1.922    -9.807   2.055E-01       9.232
  148  272 HF   11    -3.274     2.487    -6.571   2.055E-01       9.450
  149  272 HF   11     2.850    -3.274    -6.943   2.055E-01       9.293
  150  272 HF   11    -0.966     0.121    -1.624   2.055E-01       9.526
  151  272 HF   11     4.683     4.538    -4.935   2.055E-01       9.651
  152  272 HF   11    -0.748    -3.419    -7.399   2.055E-01       9.857
  153  272 HF   11    -4.885     4.252    -1.470   2.055E-01       9.704
  154  272 HF   11     1.341     4.955    -4.677   2.055E-01       9.361
  155  272 HF   11    -3.692     1.601    -3.426   2.055E-01       9.248
  156  272 HF   11    -2.257    -1.418    -4.348   2.055E-01       9.338
  157  272 HF   11     3.269     2.016    -2.827   2.055E-01       9.661
  158  272 HF   11    -0.048    -3.601    -2.544   2.055E-01       9.788
  159  272 HF   11     4.699    -0.876    -1.498   2.055E-01       9.338
  160  272 HF   11    -1.213     3.825    -1.967   2.055E-01       9.292
  161  272 HF   11     1.154    -0.781    -3.539   2.055E-01       9.351
  162  272 HF   11     4.099    -0.902    -5.004   2.055E-01       9.399
  163  272 HF   11    -0.869     2.022    -5.065   2.055E-01       9.600
  164  272 HF   11    -4.274    -2.689    -6.417   2.055E-01       9.432
  165  272 HF   11    -3.183    -3.489    -1.659   2.055E-01       9.331
  166  272 HF   11     2.617     1.876    -6.222   2.055E-01       9.252
  167  272 HF   11    -2.016    -4.885    -5.027   2.055E-01       9.462
  168  272 HF   11     3.801    -3.490    -3.394   2.055E-01       9.420
 *******************************************************************************
 DE(K)                   0.000E+00  ENERGY LEVEL SHIFTING        0.00000
 TOTAL ENERGY -2.5512176277979E+04  CONVERGENCE ON ENER        5.769E-07
 KIN. ENERGY   2.4363132160192E+04  VIR. COEFF.           1.01222604E+00
 N. OF SCF CYCLES              134  FERMI ENERGY              -0.207E-01
 WEIGHT OF F(I) IN F(I+1)      96
 SHRINK. FACT.(MONKH.)     2  2  2  SHRINKING FACTOR(GILAT NET)        2
 NUMBER OF K POINTS IN THE IBZ   8  CELL VOLUME (A.U.)       16416.43178
 *******************************************************************************

 GCALCO - MAX INDICES DIRECT LATTICE VECTOR    19    18     9
 NO.OF VECTORS CREATED 6999 STARS 1063 RMAX   301.85613 BOHR

 DIMENSIONS  P(G)= 9886454 F(G)= 1749267 P(G),F(G) (IRR) 4952307
 MAX G-VECTOR INDEX FOR 1- AND 2-ELECTRON INTEGRALS  45


 CAPPA:IS1  2;IS2  2;IS3  2; K PTS MONK NET    8; SYMMOPS: K SPACE  2;G SPACE  1


 CAPPA:IS1  6;IS2  6;IS3  3; K PTS MONK NET   56; SYMMOPS: K SPACE  2;G SPACE  1

 *******************************************************************************
 RESTART WITH NEW K POINTS NET
 *******************************************************************************
 POINTS IN THE IBZ                  56 POINTS(GILAT NET)                56
 SHRINK FACTORS(MONK.)         6  6  3 SHRINK FACTOR(GILAT)              6
 *******************************************************************************
 *** K POINTS COORDINATES (OBLIQUE COORDINATES IN UNITS OF IS =  6)
   1-R(  0  0  0)   2-C(  1  0  0)   3-C(  2  0  0)   4-R(  3  0  0)
   5-C(  0  1  0)   6-C(  1  1  0)   7-C(  2  1  0)   8-C(  3  1  0)
   9-C(  4  1  0)  10-C(  5  1  0)  11-C(  0  2  0)  12-C(  1  2  0)
  13-C(  2  2  0)  14-C(  3  2  0)  15-C(  4  2  0)  16-C(  5  2  0)
  17-R(  0  3  0)  18-C(  1  3  0)  19-C(  2  3  0)  20-R(  3  3  0)
  21-C(  0  0  1)  22-C(  1  0  1)  23-C(  2  0  1)  24-C(  3  0  1)
  25-C(  4  0  1)  26-C(  5  0  1)  27-C(  0  1  1)  28-C(  1  1  1)
  29-C(  2  1  1)  30-C(  3  1  1)  31-C(  4  1  1)  32-C(  5  1  1)
  33-C(  0  2  1)  34-C(  1  2  1)  35-C(  2  2  1)  36-C(  3  2  1)
  37-C(  4  2  1)  38-C(  5  2  1)  39-C(  0  3  1)  40-C(  1  3  1)
  41-C(  2  3  1)  42-C(  3  3  1)  43-C(  4  3  1)  44-C(  5  3  1)
  45-C(  0  4  1)  46-C(  1  4  1)  47-C(  2  4  1)  48-C(  3  4  1)
  49-C(  4  4  1)  50-C(  5  4  1)  51-C(  0  5  1)  52-C(  1  5  1)
  53-C(  2  5  1)  54-C(  3  5  1)  55-C(  4  5  1)  56-C(  5  5  1)

 FERMI ENERGY AND DENSITY MATRIX CALCULATION ON COMPUTED EIGENVECTORS
 DENSITY MATRIX AT SCF CYCLE (134+1)

 POSSIBLY CONDUCTING STATE - EFERMI(AU) -2.0624886E-02 (RES. CHARGE  3.85E-10;IT. 12)

 CORE DENSITY MATRIX CALCULATION
 TTTTTTTTTTTTTTTTTTTTTTTTTTTTTT NEWK        TELAPSE    99090.58 TCPU   271464.04
 TTTTTTTTTTTTTTTTTTTTTTTTTTTTTT SETPRINT    TELAPSE    99090.58 TCPU   271464.04

 *******************************************************************************
 HYPERFINE ELECTRON-NUCLEAR SPIN INTERACTION TENSOR
 ANISOTROPIC COMPONENTS - THE TENSOR IS TRACELESS
 *******************************************************************************


 POINT   ATOM  MASS NO  NUCLEAR G FACTOR
    1    1 O      17      -0.7575220

 TENSOR IN ORIGINAL CARTESIAN AXES
 XX -7.482371E-07 YY -1.658724E-06 ZZ  2.406962E-06 XY  3.580317E-07 XZ  6.030130E-07 YZ -2.080443E-07

 TENSOR IN PRINCIPAL AXIS SYSTEM
 AA -7.017292E-07 BB -1.821252E-06 CC  2.522981E-06

 PRINCIPAL AXES
         X             Y             Z
 A  9.140491E-01  3.752423E-01 -1.539721E-01
 B -3.638543E-01  9.263343E-01  9.754407E-02
 C  1.792323E-01 -3.313666E-02  9.832486E-01

 ANGLES BETWEEN PRINCIPAL AXES AND ORIGINAL AXES (DEGREES)
         X             Y             Z
 A     23.928950     67.960711     98.857186
 B    111.337093     22.129580     84.402235
 C     79.674954     91.898938     10.501993


 POINT   ATOM  MASS NO  NUCLEAR G FACTOR
    2    2 O      17      -0.7575220

 TENSOR IN ORIGINAL CARTESIAN AXES
 XX -2.014616E-06 YY -4.491231E-06 ZZ  6.505847E-06 XY -8.773926E-06 XZ -4.637376E-06 YZ -5.295676E-06

 TENSOR IN PRINCIPAL AXIS SYSTEM
 AA  5.607749E-06 BB -1.447538E-05 CC  8.867630E-06

 PRINCIPAL AXES
         X             Y             Z
 A  7.529266E-01 -6.580619E-01  7.483708E-03
 B  6.221099E-01  7.154090E-01  3.180711E-01
 C -2.146644E-01 -2.348285E-01  9.480373E-01

 ANGLES BETWEEN PRINCIPAL AXES AND ORIGINAL AXES (DEGREES)
         X             Y             Z
 A     41.155468    131.152230     89.571211
 B     51.529628     44.323268     71.453689
 C    102.395837    103.581513     18.551631


 POINT   ATOM  MASS NO  NUCLEAR G FACTOR
    3    3 O      17      -0.7575220

 TENSOR IN ORIGINAL CARTESIAN AXES
 XX -4.905597E-07 YY -2.226676E-07 ZZ  7.132273E-07 XY -3.746848E-07 XZ -4.963384E-07 YZ  5.518949E-07

 TENSOR IN PRINCIPAL AXIS SYSTEM
 AA -7.641453E-07 BB -4.259195E-07 CC  1.190065E-06

 PRINCIPAL AXES
         X             Y             Z
 A  8.661496E-01  4.877714E-01  1.089212E-01
 B -3.645809E-01  7.657176E-01 -5.298653E-01
 C -3.418560E-01  4.192321E-01  8.410582E-01

 ANGLES BETWEEN PRINCIPAL AXES AND ORIGINAL AXES (DEGREES)
         X             Y             Z
 A     29.985760     60.805791     83.746872
 B    111.381795     40.029122    121.996355
 C    109.989993     65.213885     32.747965


 POINT   ATOM  MASS NO  NUCLEAR G FACTOR
    4    4 O      17      -0.7575220

 TENSOR IN ORIGINAL CARTESIAN AXES
 XX  7.511707E-07 YY  3.240241E-07 ZZ -1.075195E-06 XY  5.598516E-07 XZ  2.956867E-07 YZ -1.874959E-08

 TENSOR IN PRINCIPAL AXIS SYSTEM
 AA  1.161347E-06 BB -3.084855E-08 CC -1.130498E-06

 PRINCIPAL AXES
         X             Y             Z
 A  8.275558E-01  5.512497E-01  1.061848E-01
 B -5.319471E-01  8.304523E-01 -1.654732E-01
 C -1.793984E-01  8.045358E-02  9.804812E-01

 ANGLES BETWEEN PRINCIPAL AXES AND ORIGINAL AXES (DEGREES)
         X             Y             Z
 A     34.151532     56.547209     83.904569
 B    122.137104     33.854775     99.524722
 C    100.334722     85.385362     11.338951


 POINT   ATOM  MASS NO  NUCLEAR G FACTOR
    5    5 O      17      -0.7575220

 TENSOR IN ORIGINAL CARTESIAN AXES
 XX  1.783085E-05 YY -1.915313E-05 ZZ  1.322282E-06 XY  1.388480E-05 XZ  1.599521E-05 YZ  1.223401E-05

 TENSOR IN PRINCIPAL AXIS SYSTEM
 AA  3.386808E-05 BB -2.594985E-05 CC -7.918231E-06

 PRINCIPAL AXES
         X             Y             Z
 A  7.940275E-01  3.263022E-01  5.128813E-01
 B -1.819241E-01  9.326063E-01 -3.116876E-01
 C -5.800207E-01  1.541831E-01  7.998772E-01

 ANGLES BETWEEN PRINCIPAL AXES AND ORIGINAL AXES (DEGREES)
         X             Y             Z
 A     37.436504     70.955513     59.144058
 B    100.481852     21.155201    108.160965
 C    125.451996     81.130578     36.881618


 POINT   ATOM  MASS NO  NUCLEAR G FACTOR
    6    6 O      17      -0.7575220

 TENSOR IN ORIGINAL CARTESIAN AXES
 XX  5.214261E-07 YY  1.508409E-06 ZZ -2.029835E-06 XY -8.054787E-07 XZ -2.917593E-06 YZ  1.001227E-07

 TENSOR IN PRINCIPAL AXIS SYSTEM
 AA  2.835988E-06 BB  1.126166E-06 CC -3.962155E-06

 PRINCIPAL AXES
         X             Y             Z
 A  7.449045E-01 -4.863940E-01 -4.566597E-01
 B  3.738856E-01  8.712284E-01 -3.180732E-01
 C  5.525638E-01  6.619570E-02  8.308377E-01

 ANGLES BETWEEN PRINCIPAL AXES AND ORIGINAL AXES (DEGREES)
         X             Y             Z
 A     41.849101    119.103846    117.171774
 B     68.044547     29.398294    108.546442
 C     56.456918     86.204491     33.815111


 POINT   ATOM  MASS NO  NUCLEAR G FACTOR
    7    7 O      17      -0.7575220

 TENSOR IN ORIGINAL CARTESIAN AXES
 XX  6.336112E-06 YY -3.345369E-06 ZZ -2.990743E-06 XY  3.803837E-06 XZ -1.673211E-06 YZ -1.667003E-06

 TENSOR IN PRINCIPAL AXIS SYSTEM
 AA  8.063876E-06 BB -5.223290E-06 CC -2.840586E-06

 PRINCIPAL AXES
         X             Y             Z
 A  9.226651E-01  3.354116E-01 -1.902319E-01
 B -2.111472E-01  8.522712E-01  4.785924E-01
 C  3.226546E-01 -4.014136E-01  8.571821E-01

 ANGLES BETWEEN PRINCIPAL AXES AND ORIGINAL AXES (DEGREES)
         X             Y             Z
 A     22.681137     70.402428    100.966316
 B    102.189589     31.540440     61.406488
 C     71.176460    113.666579     30.998355


 POINT   ATOM  MASS NO  NUCLEAR G FACTOR
    8    8 O      17      -0.7575220

 TENSOR IN ORIGINAL CARTESIAN AXES
 XX -8.885460E-08 YY  1.093633E-06 ZZ -1.004778E-06 XY -8.754473E-08 XZ -1.524856E-07 YZ  9.064106E-07

 TENSOR IN PRINCIPAL AXIS SYSTEM
 AA -9.077891E-08 BB  1.442877E-06 CC -1.352098E-06

 PRINCIPAL AXES
         X             Y             Z
 A  9.921631E-01  1.131704E-01 -5.296039E-02
 B -8.794340E-02  9.335783E-01  3.474154E-01
 C  8.875982E-02 -3.400352E-01  9.362146E-01

 ANGLES BETWEEN PRINCIPAL AXES AND ORIGINAL AXES (DEGREES)
         X             Y             Z
 A      7.177832     83.501891     93.035827
 B     95.045304     21.000333     69.670692
 C     84.907736    109.879018     20.574735


 POINT   ATOM  MASS NO  NUCLEAR G FACTOR
    9    9 O      17      -0.7575220

 TENSOR IN ORIGINAL CARTESIAN AXES
 XX -1.974943E-06 YY  9.612786E-07 ZZ  1.013664E-06 XY -7.890151E-06 XZ  1.260581E-05 YZ  1.287549E-05

 TENSOR IN PRINCIPAL AXIS SYSTEM
 AA -2.235069E-05 BB  7.276657E-06 CC  1.507404E-05

 PRINCIPAL AXES
         X             Y             Z
 A  5.845632E-01  5.348272E-01 -6.101195E-01
 B -7.391834E-01  6.610907E-01 -1.287128E-01
 C  3.345052E-01  5.262309E-01  7.817847E-01

 ANGLES BETWEEN PRINCIPAL AXES AND ORIGINAL AXES (DEGREES)
         X             Y             Z
 A     54.227861     57.667809    127.598141
 B    137.661902     48.616893     97.395216
 C     70.457548     58.248853     38.575731


 POINT   ATOM  MASS NO  NUCLEAR G FACTOR
   10   10 O      17      -0.7575220

 TENSOR IN ORIGINAL CARTESIAN AXES
 XX  2.658628E-05 YY -1.902720E-05 ZZ -7.559079E-06 XY  6.560296E-06 XZ  1.530108E-05 YZ  1.749331E-06

 TENSOR IN PRINCIPAL AXIS SYSTEM
 AA  3.331087E-05 BB -1.997392E-05 CC -1.333695E-05

 PRINCIPAL AXES
         X             Y             Z
 A  9.270139E-01  1.279795E-01  3.525145E-01
 B -1.567837E-01  9.861401E-01  5.428143E-02
 C -3.406818E-01 -1.055882E-01  9.342307E-01

 ANGLES BETWEEN PRINCIPAL AXES AND ORIGINAL AXES (DEGREES)
         X             Y             Z
 A     22.025979     82.647150     69.358810
 B     99.020261      9.550362     86.888374
 C    109.918418     96.061055     20.895783


 POINT   ATOM  MASS NO  NUCLEAR G FACTOR
   11   11 O      17      -0.7575220

 TENSOR IN ORIGINAL CARTESIAN AXES
 XX  2.610435E-06 YY  5.007031E-07 ZZ -3.111138E-06 XY  6.370045E-07 XZ -8.151553E-07 YZ -4.503406E-06

 TENSOR IN PRINCIPAL AXIS SYSTEM
 AA  1.997484E-06 BB  4.171418E-06 CC -6.168902E-06

 PRINCIPAL AXES
         X             Y             Z
 A  8.449742E-01 -4.606228E-01  2.717449E-01
 B  5.335493E-01  6.912257E-01 -4.873727E-01
 C  3.665792E-02  5.568066E-01  8.298329E-01

 ANGLES BETWEEN PRINCIPAL AXES AND ORIGINAL AXES (DEGREES)
         X             Y             Z
 A     32.330832    117.427304     74.231877
 B     57.754418     46.272784    119.168041
 C     87.899185     56.164760     33.918426


 POINT   ATOM  MASS NO  NUCLEAR G FACTOR
   12   12 O      17      -0.7575220

 TENSOR IN ORIGINAL CARTESIAN AXES
 XX -5.290410E-06 YY  6.793949E-06 ZZ -1.503539E-06 XY  3.939442E-06 XZ -4.344283E-06 YZ  3.050834E-06

 TENSOR IN PRINCIPAL AXIS SYSTEM
 AA -9.638641E-06 BB  8.315798E-06 CC  1.322843E-06

 PRINCIPAL AXES
         X             Y             Z
 A  7.949538E-01 -2.895614E-01  5.331066E-01
 B  2.111366E-01  9.558587E-01  2.043417E-01
 C -5.687440E-01 -4.988390E-02  8.210005E-01

 ANGLES BETWEEN PRINCIPAL AXES AND ORIGINAL AXES (DEGREES)
         X             Y             Z
 A     37.349104    106.831697     57.784406
 B     77.811033     17.087200     78.209036
 C    124.662687     92.859324     34.814924


 POINT   ATOM  MASS NO  NUCLEAR G FACTOR
   13   13 O      17      -0.7575220

 TENSOR IN ORIGINAL CARTESIAN AXES
 XX  2.694899E-06 YY  2.859543E-06 ZZ -5.554442E-06 XY  2.512883E-06 XZ -1.719568E-06 YZ -3.445193E-07

 TENSOR IN PRINCIPAL AXIS SYSTEM
 AA  4.180158E-07 BB  5.483512E-06 CC -5.901528E-06

 PRINCIPAL AXES
         X             Y             Z
 A  6.776641E-01 -7.191455E-01 -1.536267E-01
 B  7.071931E-01  6.945939E-01 -1.319744E-01
 C  2.016170E-01 -1.920941E-02  9.792761E-01

 ANGLES BETWEEN PRINCIPAL AXES AND ORIGINAL AXES (DEGREES)
         X             Y             Z
 A     47.338627    135.983977     98.837158
 B     44.993009     46.005132     97.583701
 C     78.368469     91.100686     11.684947


 POINT   ATOM  MASS NO  NUCLEAR G FACTOR
   14   14 O      17      -0.7575220

 TENSOR IN ORIGINAL CARTESIAN AXES
 XX -2.292328E-05 YY  1.180252E-05 ZZ  1.112076E-05 XY -2.151867E-05 XZ  4.068628E-06 YZ  5.149905E-06

 TENSOR IN PRINCIPAL AXIS SYSTEM
 AA -3.398262E-05 BB  2.284267E-05 CC  1.113996E-05

 PRINCIPAL AXES
         X             Y             Z
 A  8.916454E-01  4.336835E-01 -1.299504E-01
 B -3.933325E-01  8.841904E-01  2.519858E-01
 C  2.241829E-01 -1.735683E-01  9.589661E-01

 ANGLES BETWEEN PRINCIPAL AXES AND ORIGINAL AXES (DEGREES)
         X             Y             Z
 A     26.919257     64.298449     97.466725
 B    113.162018     27.847941     75.404949
 C     77.045163     99.995350     16.470438


 POINT   ATOM  MASS NO  NUCLEAR G FACTOR
   15   15 O      17      -0.7575220

 TENSOR IN ORIGINAL CARTESIAN AXES
 XX  7.568056E-06 YY -1.305521E-05 ZZ  5.487151E-06 XY -5.745570E-06 XZ  7.277978E-06 YZ -2.784215E-06

 TENSOR IN PRINCIPAL AXIS SYSTEM
 AA  1.523136E-05 BB -1.459050E-05 CC -6.408612E-07

 PRINCIPAL AXES
         X             Y             Z
 A  7.522807E-01 -2.141515E-01  6.230674E-01
 B  2.355224E-01  9.706207E-01  4.924178E-02
 C -6.153073E-01  1.097027E-01  7.806166E-01

 ANGLES BETWEEN PRINCIPAL AXES AND ORIGINAL AXES (DEGREES)
         X             Y             Z
 A     41.211676    102.365753     51.459523
 B     76.377583     13.922837     87.177512
 C    127.974249     83.701824     38.682932


 POINT   ATOM  MASS NO  NUCLEAR G FACTOR
   16   16 O      17      -0.7575220

 TENSOR IN ORIGINAL CARTESIAN AXES
 XX  1.832275E-06 YY  3.142180E-06 ZZ -4.974455E-06 XY -5.538361E-06 XZ -1.774017E-07 YZ -1.555738E-06

 TENSOR IN PRINCIPAL AXIS SYSTEM
 AA -2.551422E-06 BB  8.148177E-06 CC -5.596754E-06

 PRINCIPAL AXES
         X             Y             Z
 A  7.054588E-01  5.717971E-01 -4.187790E-01
 B -6.559437E-01  7.505369E-01 -8.020090E-02
 C  2.684504E-01  3.312739E-01  9.045396E-01

 ANGLES BETWEEN PRINCIPAL AXES AND ORIGINAL AXES (DEGREES)
         X             Y             Z
 A     45.133374     55.124359    114.757524
 B    130.991247     41.363092     94.600113
 C     74.427920     70.653887     25.238648


 POINT   ATOM  MASS NO  NUCLEAR G FACTOR
   17   17 O      17      -0.7575220

 TENSOR IN ORIGINAL CARTESIAN AXES
 XX -3.654536E-07 YY  2.921948E-06 ZZ -2.556495E-06 XY -2.351177E-06 XZ -1.560200E-06 YZ  7.497254E-07

 TENSOR IN PRINCIPAL AXIS SYSTEM
 AA -1.025103E-06 BB  4.429147E-06 CC -3.404044E-06

 PRINCIPAL AXES
         X             Y             Z
 A  7.136227E-01  5.151108E-01 -4.747668E-01
 B -4.828933E-01  8.526942E-01  1.993155E-01
 C  5.075005E-01  8.702571E-02  8.572455E-01

 ANGLES BETWEEN PRINCIPAL AXES AND ORIGINAL AXES (DEGREES)
         X             Y             Z
 A     44.469565     58.995139    118.344170
 B    118.874540     31.494075     78.503068
 C     59.502519     85.007479     30.991303


 POINT   ATOM  MASS NO  NUCLEAR G FACTOR
   18   18 O      17      -0.7575220

 TENSOR IN ORIGINAL CARTESIAN AXES
 XX  7.609910E-06 YY -5.626501E-07 ZZ -7.047260E-06 XY -3.522893E-06 XZ  4.762721E-09 YZ  1.031805E-06

 TENSOR IN PRINCIPAL AXIS SYSTEM
 AA  8.926783E-06 BB -1.696551E-06 CC -7.230231E-06

 PRINCIPAL AXES
         X             Y             Z
 A  9.364631E-01 -3.500395E-01 -2.256651E-02
 B  3.483069E-01  9.203662E-01  1.777876E-01
 C -4.146324E-02 -1.743516E-01  9.838101E-01

 ANGLES BETWEEN PRINCIPAL AXES AND ORIGINAL AXES (DEGREES)
         X             Y             Z
 A     20.534182    110.489729     91.293075
 B     69.616209     23.020328     79.759078
 C     92.376350    100.040929     10.323986


 POINT   ATOM  MASS NO  NUCLEAR G FACTOR
   19   19 O      17      -0.7575220

 TENSOR IN ORIGINAL CARTESIAN AXES
 XX  9.397006E-05 YY -5.643953E-05 ZZ -3.753053E-05 XY  5.653033E-05 XZ  8.135503E-05 YZ  3.022271E-05

 TENSOR IN PRINCIPAL AXIS SYSTEM
 AA  1.524560E-04 BB -7.344057E-05 CC -7.901544E-05

 PRINCIPAL AXES
         X             Y             Z
 A  8.611253E-01  2.931298E-01  4.153771E-01
 B -4.904338E-01  6.942131E-01  5.268234E-01
 C -1.339325E-01 -6.573759E-01  7.415653E-01

 ANGLES BETWEEN PRINCIPAL AXES AND ORIGINAL AXES (DEGREES)
         X             Y             Z
 A     30.556832     72.954572     65.456936
 B    119.369095     46.035454     58.208927
 C     97.696899    131.100048     42.135077


 POINT   ATOM  MASS NO  NUCLEAR G FACTOR
   20   20 O      17      -0.7575220

 TENSOR IN ORIGINAL CARTESIAN AXES
 XX  3.095149E-06 YY -8.490864E-08 ZZ -3.010240E-06 XY -3.807488E-07 XZ  4.532335E-07 YZ  4.371988E-07

 TENSOR IN PRINCIPAL AXIS SYSTEM
 AA  3.166157E-06 BB -5.093968E-08 CC -3.115217E-06

 PRINCIPAL AXES
         X             Y             Z
 A  9.920083E-01 -1.075416E-01  6.598789E-02
 B  9.587765E-02  9.824796E-01  1.598168E-01
 C -8.201870E-02 -1.522128E-01  9.849387E-01

 ANGLES BETWEEN PRINCIPAL AXES AND ORIGINAL AXES (DEGREES)
         X             Y             Z
 A      7.248492     96.173617     86.216423
 B     84.498164     10.741040     80.803738
 C     94.704610     98.755184      9.956709


 POINT   ATOM  MASS NO  NUCLEAR G FACTOR
   21   21 O      17      -0.7575220

 TENSOR IN ORIGINAL CARTESIAN AXES
 XX  6.421004E-06 YY  4.172100E-06 ZZ -1.059310E-05 XY  2.512514E-05 XZ  6.629963E-06 YZ  1.266242E-05

 TENSOR IN PRINCIPAL AXIS SYSTEM
 AA  3.454505E-05 BB -2.236864E-05 CC -1.217641E-05

 PRINCIPAL AXES
         X             Y             Z
 A  6.747475E-01  6.788785E-01  2.895510E-01
 B -5.122245E-01  7.131992E-01 -4.785112E-01
 C -5.313585E-01  1.745592E-01  8.289676E-01

 ANGLES BETWEEN PRINCIPAL AXES AND ORIGINAL AXES (DEGREES)
         X             Y             Z
 A     47.565453     47.243933     73.168925
 B    120.812116     44.504191    118.588213
 C    122.097289     79.946994     34.007171


 POINT   ATOM  MASS NO  NUCLEAR G FACTOR
   22   22 O      17      -0.7575220

 TENSOR IN ORIGINAL CARTESIAN AXES
 XX  1.468417E-05 YY -8.076302E-06 ZZ -6.607867E-06 XY -3.692603E-06 XZ -8.436414E-06 YZ  4.308507E-06

 TENSOR IN PRINCIPAL AXIS SYSTEM
 AA  1.853530E-05 BB -6.446089E-06 CC -1.208921E-05

 PRINCIPAL AXES
         X             Y             Z
 A  9.221262E-01 -1.831404E-01 -3.407975E-01
 B  3.603039E-01  7.274025E-01  5.840092E-01
 C  1.409412E-01 -6.613208E-01  7.367431E-01

 ANGLES BETWEEN PRINCIPAL AXES AND ORIGINAL AXES (DEGREES)
         X             Y             Z
 A     22.761080    100.552734    109.925467
 B     68.881140     43.330926     54.266975
 C     81.897685    131.400684     42.545291


 POINT   ATOM  MASS NO  NUCLEAR G FACTOR
   23   23 O      17      -0.7575220

 TENSOR IN ORIGINAL CARTESIAN AXES
 XX  8.458077E-06 YY  5.140632E-07 ZZ -8.972140E-06 XY -9.790157E-07 XZ  3.114508E-06 YZ  3.477268E-07

 TENSOR IN PRINCIPAL AXIS SYSTEM
 AA  9.093543E-06 BB  4.443609E-07 CC -9.537904E-06

 PRINCIPAL AXES
         X             Y             Z
 A  9.802619E-01 -1.051234E-01  1.674388E-01
 B  9.488374E-02  9.931601E-01  6.804524E-02
 C -1.734467E-01 -5.081493E-02  9.835314E-01

 ANGLES BETWEEN PRINCIPAL AXES AND ORIGINAL AXES (DEGREES)
         X             Y             Z
 A     11.402699     96.034274     80.361059
 B     84.555372      6.705194     86.098280
 C     99.988279     92.912735     10.412700


 POINT   ATOM  MASS NO  NUCLEAR G FACTOR
   24   24 O      17      -0.7575220

 TENSOR IN ORIGINAL CARTESIAN AXES
 XX  2.325507E-05 YY -1.265897E-05 ZZ -1.059610E-05 XY -7.319927E-06 XZ -7.723608E-09 YZ -1.098604E-05

 TENSOR IN PRINCIPAL AXIS SYSTEM
 AA  2.482635E-05 BB -2.330704E-05 CC -1.519315E-06

 PRINCIPAL AXES
         X             Y             Z
 A  9.756680E-01 -2.094587E-01  6.480030E-02
 B  1.181515E-01  7.512474E-01  6.493594E-01
 C -1.846950E-01 -6.259029E-01  7.577158E-01

 ANGLES BETWEEN PRINCIPAL AXES AND ORIGINAL AXES (DEGREES)
         X             Y             Z
 A     12.665183    102.090633     86.284613
 B     83.214568     41.301456     49.506680
 C    100.643353    128.748489     40.736757


 POINT   ATOM  MASS NO  NUCLEAR G FACTOR
   25   25 O      17      -0.7575220

 TENSOR IN ORIGINAL CARTESIAN AXES
 XX  2.030498E-06 YY  4.621195E-07 ZZ -2.492617E-06 XY  1.207437E-06 XZ -1.005912E-06 YZ -5.504817E-06

 TENSOR IN PRINCIPAL AXIS SYSTEM
 AA  1.301996E-06 BB  5.413339E-06 CC -6.715335E-06

 PRINCIPAL AXES
         X             Y             Z
 A  9.070170E-01 -3.384390E-01  2.505580E-01
 B  4.210287E-01  7.183795E-01 -5.537740E-01
 C  7.423016E-03  6.077745E-01  7.940749E-01

 ANGLES BETWEEN PRINCIPAL AXES AND ORIGINAL AXES (DEGREES)
         X             Y             Z
 A     24.903681    109.781797     75.489468
 B     65.100452     44.079146    123.626316
 C     89.574689     52.571239     37.432031


 POINT   ATOM  MASS NO  NUCLEAR G FACTOR
   26   26 O      17      -0.7575220

 TENSOR IN ORIGINAL CARTESIAN AXES
 XX -1.832683E-05 YY -1.368335E-05 ZZ  3.201018E-05 XY  3.107123E-06 XZ  1.277860E-05 YZ -4.111666E-05

 TENSOR IN PRINCIPAL AXIS SYSTEM
 AA -1.577029E-05 BB -4.162121E-05 CC  5.739150E-05

 PRINCIPAL AXES
         X             Y             Z
 A  9.171526E-01  3.884484E-01  8.910068E-02
 B -3.784145E-01  7.786624E-01  5.004870E-01
 C  1.250340E-01 -4.927400E-01  8.611468E-01

 ANGLES BETWEEN PRINCIPAL AXES AND ORIGINAL AXES (DEGREES)
         X             Y             Z
 A     23.486697     67.142014     84.888128
 B    112.235509     38.861729     59.967772
 C     82.817280    119.520833     30.554411


 POINT   ATOM  MASS NO  NUCLEAR G FACTOR
   27   27 O      17      -0.7575220

 TENSOR IN ORIGINAL CARTESIAN AXES
 XX -2.633591E-06 YY  6.553296E-06 ZZ -3.919705E-06 XY  5.559461E-06 XZ -4.616936E-06 YZ  6.446328E-06

 TENSOR IN PRINCIPAL AXIS SYSTEM
 AA -1.187108E-05 BB  1.048634E-05 CC  1.384741E-06

 PRINCIPAL AXES
         X             Y             Z
 A  5.949893E-01 -4.196862E-01  6.854570E-01
 B  2.726218E-01  9.076643E-01  3.190969E-01
 C -7.560854E-01 -2.988700E-03  6.544662E-01

 ANGLES BETWEEN PRINCIPAL AXES AND ORIGINAL AXES (DEGREES)
         X             Y             Z
 A     53.488132    114.814779     46.728446
 B     74.179661     24.815451     71.391684
 C    139.120299     90.171240     49.120816


 POINT   ATOM  MASS NO  NUCLEAR G FACTOR
   28   28 O      17      -0.7575220

 TENSOR IN ORIGINAL CARTESIAN AXES
 XX -1.009432E-06 YY  5.340027E-06 ZZ -4.330594E-06 XY -2.111671E-07 XZ -2.013621E-07 YZ  1.719266E-06

 TENSOR IN PRINCIPAL AXIS SYSTEM
 AA -1.010960E-06 BB  5.645411E-06 CC -4.634451E-06

 PRINCIPAL AXES
         X             Y             Z
 A  9.983311E-01  4.345053E-02 -3.803972E-02
 B -3.638877E-02  9.847944E-01  1.698699E-01
 C  4.484224E-02 -1.682022E-01  9.847320E-01

 ANGLES BETWEEN PRINCIPAL AXES AND ORIGINAL AXES (DEGREES)
         X             Y             Z
 A      3.310627     87.509684     92.180041
