
         
 *******************************************************************************
 *                                                                             *
 *                                CRYSTAL09                                    *
 *                              public : 2.0                                   *
 *                      December 10th, 2012 - sequential executable            *
 *                                                                             *
 *                                                                             *
 *                                                                             *
 *                              MAIN AUTHORS                                   *
 *                                                                             *
 *    R. DOVESI(1,10), V.R. SAUNDERS(2), C. ROETTI(1,10), R. ORLANDO (1,3),    *
 *  C.M. ZICOVICH-WILSON(1,4), F. PASCALE(5), B. CIVALLERI(1,10), K. DOLL(6),  *
 *       N.M. HARRISON(2,7), I. J. BUSH(2), Ph. D'ARCO(8), M. LLUNELL(9)       *
 *                                                                             *
 * (1) THEORETICAL CHEMISTRY GROUP - UNIVERSITA' DI TORINO - TORINO (ITALY)    *
 *      http://www.crystal.unito.it                                            *
 * (2) COMPUTATIONAL SCIENCE & ENGINEERING DEPARTMENT - CCLRC DARESBURY (UK)   *
 *     http://www.cse.clrc.ac.uk/cmg/CRYSTAL/                                  *
 * (3) UNIVERSITA' DEL PIEMONTE ORIENTALE - ALESSANDRIA (ITALY)                *
 * (4) UNIVERSIDAD AUTONOMA DEL ESTADO DE MORELOS - CUERNAVACA (MEXICO)        *
 * (5) UNIVERSITE' HENRI POINCARE' - NANCY (FRANCE)                            *
 * (6) MPI FUER FESTKOERPERFORSCHUNG - STUTTGART (GERMANY)                     *
 * (7) IMPERIAL COLLEGE - LONDON (UK)                                          *
 * (8) UNIVERSITE' PIERRE ET MARIE CURIE - PARIS (FRANCE)                      *
 * (9) UNIVERSIDAD DE BARCELONA - BARCELONA (SPAIN)                            *
 *(10) NIS - NANOSTRUCTURED INTERFACES AND SURFACES - TORINO (ITALY)           *
 *     http://www.crystal.unito.it                                             *
 *******************************************************************************
 EEEEEEEEEE STARTING  DATE 11 05 2015 TIME 11:56:40.6

 *******************************************************************************
 Created with astools                                                            
 CRYSTAL - PROPERTIES - TYPE OF CALCULATION :  UNRESTRICTED OPEN SHELL
 *******************************************************************************
 SPIN POLARIZED SYSTEM: SUMMED SPIN DENSITY   -3.50000000

 KOHN-SHAM HAMILTONIAN

 (EXCHANGE)[CORRELATION] FUNCTIONAL:(BECKE)[LEE-YANG-PARR]

 NON-LOCAL WEIGHTING FACTOR (EXCHANGE) =           0.9000
 NON-LOCAL WEIGHTING FACTOR [CORRELATION] =        0.8100

 HYBRID EXCHANGE - PERCENTAGE OF FOCK EXCHANGE     5.0000

 SPIN POLARIZED DFT SELECTED

 DIRECT LATTICE VECTOR COMPONENTS (ANGSTROM)
        11.07340    0.00000    0.00000
         0.00000   10.63895    0.00000
         0.00000    0.00000   21.60988

 LATTICE PARAMETERS  (ANGSTROM AND DEGREES) - PRIMITIVE CELL
       A          B          C         ALPHA      BETA     GAMMA        VOLUME
   11.07340   10.63895   21.60988     47.6259   47.6259   47.6259    2545.84565
 *******************************************************************************
 N. OF ATOMS PER CELL      156  COULOMB OVERLAP TOL         (T1) 10** -8
 NUMBER OF SHELLS          808  COULOMB PENETRATION TOL     (T2) 10** -8
 NUMBER OF AO             2856  EXCHANGE OVERLAP TOL        (T3) 10** -8
 N. OF ELECTRONS PER CELL 1800  EXCHANGE PSEUDO OVP (F(G))  (T4) 10** -8
 CORE ELECTRONS PER CELL  1048  EXCHANGE PSEUDO OVP (P(G))  (T5) 10**-16
 N. OF SYMMETRY OPERATORS    1  POLE ORDER IN MONO ZONE                4
 *******************************************************************************
   ATOM N.AT.  SHELL    X(A)      Y(A)      Z(A)      EXAD       N.ELECT.
 *******************************************************************************
    1    8 O     4     0.241     1.402     2.040   1.900E-01       8.642
    2    8 O     4     0.773    -4.190     1.495   1.900E-01       8.608
    3    8 O     4    -4.842     1.196     1.109   1.900E-01       8.803
    4    8 O     4    -4.199    -4.194     0.854   1.900E-01       8.554
    5    8 O     4    -1.800     2.942     1.019   1.900E-01       8.638
    6    8 O     4     5.464    -1.891     1.836   1.900E-01       8.718
    7    8 O     4    -4.994     4.381    -0.669   1.900E-01       8.564
    8    8 O     4     3.664    -5.201     0.096   1.900E-01       8.623
    9    8 O     4     1.953     4.859    -9.705   1.900E-01       8.576
   10    8 O     4     2.114    -0.362    -9.632   1.900E-01       8.677
   11    8 O     4    -3.942     4.443    -9.232   1.900E-01       8.759
   12    8 O     4    -3.080    -0.063    -9.102   1.900E-01       8.694
   13    8 O     4    -2.085     5.145    -7.863   1.900E-01       8.799
   14    8 O     4    -5.162    -4.411    -8.325   1.900E-01       8.656
   15    8 O     4     3.739     2.844    -9.125   1.900E-01       8.620
   16    8 O     4    -1.584     2.772    -8.956   1.900E-01       8.672
   17    8 O     4     0.137     1.008    -8.659   1.900E-01       8.728
   18    8 O     4     2.603    -3.417    -8.596   1.900E-01       8.579
   19    8 O     4     0.092    -4.028    -8.949   1.900E-01       8.631
   20    8 O     4     0.667    -2.045    -7.296   1.900E-01       8.813
   21    8 O     4    -1.818    -2.239    -8.525   1.900E-01       8.600
   22    8 O     4     4.141    -0.707    -8.091   1.900E-01       8.737
   23    8 O     4     3.940     1.414    -6.868   1.900E-01       8.665
   24    8 O     4     2.637    -2.013    -3.373   1.900E-01       8.650
   25    8 O     4     2.660     3.795    -6.940   1.900E-01       8.683
   26    8 O     4     1.411     2.042    -1.668   1.900E-01       8.669
   27    8 O     4     1.832    -4.349    -6.272   1.900E-01       8.636
   28    8 O     4     5.249     3.758    -7.289   1.900E-01       8.758
   29    8 O     4     3.379     0.320    -2.566   1.900E-01       8.708
   30    8 O     4    -3.438     1.813    -7.104   1.900E-01       8.690
   31    8 O     4     1.713    -4.439    -1.496   1.900E-01       8.617
   32    8 O     4    -2.450     0.186    -3.629   1.900E-01       8.674
   33    8 O     4     3.930     3.966    -2.025   1.900E-01       8.628
   34    8 O     4     2.600     5.208    -3.815   1.900E-01       8.625
   35    8 O     4     0.498    -1.671    -4.750   1.900E-01       8.807
   36    8 O     4    -0.831    -2.249     0.436   1.900E-01       8.634
   37    8 O     4     1.751     0.167    -6.470   1.900E-01       8.507
   38    8 O     4    -1.682    -5.110    -4.696   1.900E-01       8.846
   39    8 O     4     4.847    -4.287    -3.280   1.900E-01       8.559
   40    8 O     4    -1.990    -2.310    -4.296   1.900E-01       8.590
   41    8 O     4     3.818    -0.116     0.596   1.900E-01       8.647
   42    8 O     4     5.161    -1.769    -3.107   1.900E-01       8.564
   43    8 O     4     5.380    -2.058    -0.672   1.900E-01       8.597
   44    8 O     4    -1.373    -0.043    -1.102   1.900E-01       8.679
   45    8 O     4    -3.537     1.407    -1.490   1.900E-01       8.656
   46    8 O     4    -0.994    -3.662    -6.406   1.900E-01       8.776
   47    8 O     4     0.403    -1.679    -1.933   1.900E-01       8.629
   48    8 O     4     0.968    -0.308     0.300   1.900E-01       8.659
   49    8 O     4     0.382     4.106    -3.007   1.900E-01       8.717
   50    8 O     4     0.577     1.351    -4.134   1.900E-01       8.624
   51    8 O     4    -1.248     2.293    -2.405   1.900E-01       8.746
   52    8 O     4    -1.153    -0.384    -6.083   1.900E-01       8.666
   53    8 O     4     4.098    -0.211    -5.022   1.900E-01       8.570
   54    8 O     4     5.022     4.032    -4.452   1.900E-01       8.653
   55    8 O     4    -4.189    -2.270    -6.250   1.900E-01       8.614
   56    8 O     4     0.055     4.441    -6.557   1.900E-01       8.646
   57    8 O     4    -3.428     3.599    -3.910   1.900E-01       8.722
   58    8 O     4     3.097    -1.971    -6.321   1.900E-01       8.652
   59    8 O     4    -4.357    -3.888    -1.752   1.900E-01       8.550
   60    8 O     4    -2.492     5.063    -0.460   1.900E-01       8.710
   61    8 O     4     0.356    -3.783    -3.616   1.900E-01       8.851
   62    8 O     4    -3.985     4.853    -6.130   1.900E-01       8.701
   63    8 O     4     3.045    -2.690     0.391   1.900E-01       8.543
   64    8 O     4     4.300     3.027     0.704   1.900E-01       8.608
   65   14 SI    6     1.859    -5.073     2.390   6.000E-01      13.482
   66   14 SI    6     5.003     2.141     1.924   6.000E-01      13.258
   67   14 SI    6     0.879     3.875     3.544   6.000E-01      13.995
   68   14 SI    6     3.297     0.929     3.056   6.000E-01      13.952
   69   14 SI    6     2.097     2.230     4.673   6.000E-01      14.042
   70   14 SI    6     4.706     4.799     4.758   6.000E-01      14.004
   71   14 SI    6     1.332     0.104     1.897   6.000E-01      13.236
   72   14 SI    6    -5.515    -4.037     1.785   6.000E-01      13.432
   73   14 SI    6     0.600    -1.662     3.359   6.000E-01      14.110
   74   14 SI    6     3.683    -4.102     3.521   6.000E-01      14.039
   75   14 SI    6     1.942    -3.058     4.768   6.000E-01      14.034
   76   14 SI    6     4.570    -0.367     4.689   6.000E-01      14.020
   77   14 SI    6    -3.992    -4.956    -0.591   6.000E-01      12.883
   78   14 SI    6    -1.381     1.576     1.795   6.000E-01      13.291
   79   14 SI    6    -4.917     3.598     3.357   6.000E-01      14.010
   80   14 SI    6    -2.658     0.516     3.415   6.000E-01      14.134
   81   14 SI    6    -3.633     2.198     4.736   6.000E-01      14.026
   82   14 SI    6    -0.868     4.984     4.630   6.000E-01      14.059
   83   14 SI    6    -3.785    -0.245     1.323   6.000E-01      13.453
   84   14 SI    6    -0.458    -3.098     1.853   6.000E-01      13.343
   85   14 SI    6     5.457    -2.233     3.590   6.000E-01      13.835
   86   14 SI    6    -2.144    -4.416     3.054   6.000E-01      13.980
   87   14 SI    6    -3.559    -3.129     4.504   6.000E-01      14.034
   88   14 SI    6    -0.916    -0.502     4.701   6.000E-01      13.984
   89   14 SI    6     0.584     0.892     5.954   6.000E-01      13.995
   90   14 SI    6     3.349     3.493     6.190   6.000E-01      13.999
   91   14 SI    6     0.569    -4.465     6.090   6.000E-01      13.975
   92   14 SI    6     3.304    -1.720     6.153   6.000E-01      14.023
   93   14 SI    6    -4.971     0.825     6.123   6.000E-01      13.981
   94   14 SI    6    -2.182     3.553     6.044   6.000E-01      13.967
   95   14 SI    6    -4.904    -4.444     5.969   6.000E-01      14.020
   96   14 SI    6    -2.239    -1.864     6.092   6.000E-01      14.001
   97   14 SI    6    -1.167     4.335     0.270   6.000E-01      13.208
   98   14 SI    6     3.199    -3.856    -0.811   6.000E-01      13.304
   99   14 SI    6     4.476     4.127    -0.478   6.000E-01      12.920
  100   14 SI    6     4.332    -1.602     0.474   6.000E-01      13.027
  101   14 SI    6     1.907     4.829     7.517   6.000E-01      14.002
  102   14 SI    6     4.760     2.168     7.521   6.000E-01      14.003
  103   14 SI    6     0.441     3.500     8.869   6.000E-01      13.985
  104   14 SI    6     3.366     0.812     8.863   6.000E-01      14.045
  105   14 SI    6     1.892     2.171    10.099   6.000E-01      14.117
  106   14 SI    6     4.739     4.892    10.133   6.000E-01      14.080
  107   14 SI    6     1.883    -0.427     7.474   6.000E-01      13.987
  108   14 SI    6     4.815    -3.087     7.372   6.000E-01      13.990
  109   14 SI    6     0.535    -1.839     8.821   6.000E-01      14.029
  110   14 SI    6     3.411    -4.404     8.714   6.000E-01      14.035
  111   14 SI    6     2.211    -2.920    10.053   6.000E-01      14.043
  112   14 SI    6     5.110    -0.044    10.248   6.000E-01      13.975
  113   14 SI    6    -3.595     4.918     7.418   6.000E-01      14.003
  114   14 SI    6    -0.783     2.185     7.362   6.000E-01      14.012
  115   14 SI    6    -4.893     3.525     8.817   6.000E-01      14.014
  116   14 SI    6    -2.109     0.861     8.811   6.000E-01      14.018
  117   14 SI    6    -3.209     2.506    10.094   6.000E-01      13.926
  118   14 SI    6    -1.513     4.333    10.051   6.000E-01      14.008
  119   14 SI    6    -3.563    -0.527     7.529   6.000E-01      14.001
  120   14 SI    6    -0.841    -3.195     7.474   6.000E-01      13.996
  121   14 SI    6    -5.010    -1.791     8.946   6.000E-01      14.022
  122   14 SI    6    -2.284    -4.415     8.904   6.000E-01      14.030
  123   14 SI    6    -3.573    -3.022    10.419   6.000E-01      14.079
  124   14 SI    6    -0.776    -0.510    10.248   6.000E-01      14.099
  125   14 SI    6     0.854     0.611   -10.089   6.000E-01      13.230
  126   14 SI    6     3.053     3.750   -10.309   6.000E-01      13.323
  127   14 SI    6     1.593    -4.175    -9.705   6.000E-01      13.171
  128   14 SI    6     3.672    -0.862    -9.670   6.000E-01      13.175
  129   14 SI    6    -4.005     1.255    -8.493   6.000E-01      13.289
  130   14 SI    6    -2.146     4.249    -9.300   6.000E-01      13.116
  131   14 SI    6    -4.805    -4.702   -10.003   6.000E-01      13.373
  132   14 SI    6    -2.399    -1.361    -9.846   6.000E-01      13.306
  133   14 SI    6     3.876     2.865    -7.509   6.000E-01      12.640
  134   14 SI    6     2.197    -3.004    -7.085   6.000E-01      12.914
  135   14 SI    6    -4.642     4.800    -7.636   6.000E-01      12.615
  136   14 SI    6    -0.866     1.931    -7.661   6.000E-01      13.063
  137   14 SI    6    -4.648    -2.153    -7.728   6.000E-01      13.339
  138   14 SI    6    -0.602    -3.034    -7.873   6.000E-01      12.650
  139   14 SI    6     2.948     1.394    -1.366   6.000E-01      13.112
  140   14 SI    6     3.877    -0.883    -3.565   6.000E-01      12.713
  141   14 SI    6    -2.426    -0.782    -4.978   6.000E-01      12.788
  142   14 SI    6     0.457    -0.669    -6.053   6.000E-01      12.658
  143   14 SI    6     1.280    -5.190    -2.887   6.000E-01      12.701
  144   14 SI    6    -1.076    -3.544    -4.761   6.000E-01      12.539
  145   14 SI    6     5.179    -3.109    -2.068   6.000E-01      13.035
  146   14 SI    6    -2.140     0.915    -2.205   6.000E-01      12.615
  147   14 SI    6     0.382     2.329    -2.932   6.000E-01      12.955
  148   14 SI    6     1.059    -2.140    -3.309   6.000E-01      12.640
  149   14 SI    6    -5.041     0.993    -0.925   6.000E-01      13.220
  150   14 SI    6    -4.596     3.572    -5.101   6.000E-01      12.825
  151   14 SI    6    -1.554     4.656    -6.325   6.000E-01      12.912
  152   14 SI    6     3.424    -0.206    -6.553   6.000E-01      12.671
  153   14 SI    6    -0.222    -1.062    -0.536   6.000E-01      12.673
  154   14 SI    6     1.605     4.645    -6.052   6.000E-01      12.908
  155   14 SI    6     4.179     4.910    -3.377   6.000E-01      12.839
  156   14 SI    6    -2.264     4.431    -3.114   6.000E-01      13.018
 *******************************************************************************
 DE(K)                   0.000E+00  ENERGY LEVEL SHIFTING        0.00000
 TOTAL ENERGY -3.1446573573049E+04  CONVERGENCE ON ENER        4.585E-08
 KIN. ENERGY   3.1335928631685E+04  VIR. COEFF.           1.03710925E+00
 N. OF SCF CYCLES              136  FERMI ENERGY              -0.947E-01
 WEIGHT OF F(I) IN F(I+1)      95
 SHRINK. FACT.(MONKH.)     2  2  2  SHRINKING FACTOR(GILAT NET)        2
 NUMBER OF K POINTS IN THE IBZ   8  CELL VOLUME (A.U.)       17180.21830
 *******************************************************************************

 GCALCO - MAX INDICES DIRECT LATTICE VECTOR    18    19     9
 NO.OF VECTORS CREATED 6999 STARS 1061 RMAX   306.06095 BOHR

 DIMENSIONS  P(G)= 6599730 F(G)= 1177824 P(G),F(G) (IRR) 3308517
 MAX G-VECTOR INDEX FOR 1- AND 2-ELECTRON INTEGRALS  55


 CAPPA:IS1  2;IS2  2;IS3  2; K PTS MONK NET    8; SYMMOPS: K SPACE  2;G SPACE  1


 CAPPA:IS1  6;IS2  6;IS3  3; K PTS MONK NET   56; SYMMOPS: K SPACE  2;G SPACE  1

 *******************************************************************************
 RESTART WITH NEW K POINTS NET
 *******************************************************************************
 POINTS IN THE IBZ                  56 POINTS(GILAT NET)                56
 SHRINK FACTORS(MONK.)         6  6  3 SHRINK FACTOR(GILAT)              6
 *******************************************************************************
 *** K POINTS COORDINATES (OBLIQUE COORDINATES IN UNITS OF IS =  6)
   1-R(  0  0  0)   2-C(  1  0  0)   3-C(  2  0  0)   4-R(  3  0  0)
   5-C(  0  1  0)   6-C(  1  1  0)   7-C(  2  1  0)   8-C(  3  1  0)
   9-C(  4  1  0)  10-C(  5  1  0)  11-C(  0  2  0)  12-C(  1  2  0)
  13-C(  2  2  0)  14-C(  3  2  0)  15-C(  4  2  0)  16-C(  5  2  0)
  17-R(  0  3  0)  18-C(  1  3  0)  19-C(  2  3  0)  20-R(  3  3  0)
  21-C(  0  0  1)  22-C(  1  0  1)  23-C(  2  0  1)  24-C(  3  0  1)
  25-C(  4  0  1)  26-C(  5  0  1)  27-C(  0  1  1)  28-C(  1  1  1)
  29-C(  2  1  1)  30-C(  3  1  1)  31-C(  4  1  1)  32-C(  5  1  1)
  33-C(  0  2  1)  34-C(  1  2  1)  35-C(  2  2  1)  36-C(  3  2  1)
  37-C(  4  2  1)  38-C(  5  2  1)  39-C(  0  3  1)  40-C(  1  3  1)
  41-C(  2  3  1)  42-C(  3  3  1)  43-C(  4  3  1)  44-C(  5  3  1)
  45-C(  0  4  1)  46-C(  1  4  1)  47-C(  2  4  1)  48-C(  3  4  1)
  49-C(  4  4  1)  50-C(  5  4  1)  51-C(  0  5  1)  52-C(  1  5  1)
  53-C(  2  5  1)  54-C(  3  5  1)  55-C(  4  5  1)  56-C(  5  5  1)

 FERMI ENERGY AND DENSITY MATRIX CALCULATION ON COMPUTED EIGENVECTORS
 DENSITY MATRIX AT SCF CYCLE (136+1)

 POSSIBLY CONDUCTING STATE - EFERMI(AU) -9.5376242E-02 (RES. CHARGE  0.00E+00;IT.  8)

 CORE DENSITY MATRIX CALCULATION
 TTTTTTTTTTTTTTTTTTTTTTTTTTTTTT NEWK        TELAPSE   119619.48 TCPU   119425.21
 TTTTTTTTTTTTTTTTTTTTTTTTTTTTTT SETPRINT    TELAPSE   119619.48 TCPU   119425.21

 *******************************************************************************
 HYPERFINE ELECTRON-NUCLEAR SPIN INTERACTION TENSOR
 ANISOTROPIC COMPONENTS - THE TENSOR IS TRACELESS
 *******************************************************************************


 POINT   ATOM  MASS NO  NUCLEAR G FACTOR
    1    1 O      17      -0.7575220

 TENSOR IN ORIGINAL CARTESIAN AXES
 XX  6.041774E-02 YY  2.865081E-02 ZZ -8.906855E-02 XY -2.896248E-02 XZ -5.580201E-02 YZ -9.553285E-02

 TENSOR IN PRINCIPAL AXIS SYSTEM
 AA  7.754325E-02 BB  8.276720E-02 CC -1.603105E-01

 PRINCIPAL AXES
         X             Y             Z
 A  8.883045E-01 -4.579234E-01 -3.494621E-02
 B  3.686862E-01  7.564275E-01 -5.402665E-01
 C  2.738349E-01  4.670370E-01  8.407680E-01

 ANGLES BETWEEN PRINCIPAL AXES AND ORIGINAL AXES (DEGREES)
         X             Y             Z
 A     27.339037    117.253187     92.002678
 B     68.365388     40.849739    122.701784
 C     74.107404     62.157866     32.778691


 POINT   ATOM  MASS NO  NUCLEAR G FACTOR
    2    2 O      17      -0.7575220

 TENSOR IN ORIGINAL CARTESIAN AXES
 XX -2.044292E-03 YY  3.422430E-03 ZZ -1.378138E-03 XY -2.497702E-03 XZ  6.813236E-03 YZ  3.538383E-03

 TENSOR IN PRINCIPAL AXIS SYSTEM
 AA -9.893188E-03 BB  4.129162E-03 CC  5.764025E-03

 PRINCIPAL AXES
         X             Y             Z
 A  6.777949E-01  3.049240E-01 -6.690407E-01
 B -6.134840E-01  7.360871E-01 -2.860300E-01
 C  4.052548E-01  6.043154E-01  6.859821E-01

 ANGLES BETWEEN PRINCIPAL AXES AND ORIGINAL AXES (DEGREES)
         X             Y             Z
 A     47.328434     72.246407    131.993068
 B    127.841849     42.600845    106.620424
 C     66.092903     52.820405     46.687109


 POINT   ATOM  MASS NO  NUCLEAR G FACTOR
    3    3 O      17      -0.7575220

 TENSOR IN ORIGINAL CARTESIAN AXES
 XX  1.059847E-02 YY -2.784340E-02 ZZ  1.724493E-02 XY -2.822976E-02 XZ  9.945454E-03 YZ  2.103134E-02

 TENSOR IN PRINCIPAL AXIS SYSTEM
 AA  2.636165E-02 BB -5.072322E-02 CC  2.436158E-02

 PRINCIPAL AXES
         X             Y             Z
 A  5.799441E-01 -5.390311E-01 -6.108275E-01
 B  4.384746E-01  8.384628E-01 -3.236049E-01
 C  6.865893E-01 -8.015960E-02  7.226130E-01

 ANGLES BETWEEN PRINCIPAL AXES AND ORIGINAL AXES (DEGREES)
         X             Y             Z
 A     54.553386    122.617706    127.649363
 B     63.993405     33.021848    108.881073
 C     46.639277     94.597740     43.729358


 POINT   ATOM  MASS NO  NUCLEAR G FACTOR
    4    4 O      17      -0.7575220

 TENSOR IN ORIGINAL CARTESIAN AXES
 XX  4.113191E-03 YY -2.765432E-03 ZZ -1.347758E-03 XY -2.394091E-03 XZ -3.975576E-03 YZ  2.493006E-04

 TENSOR IN PRINCIPAL AXIS SYSTEM
 AA  6.735638E-03 BB -4.241670E-03 CC -2.493967E-03

 PRINCIPAL AXES
         X             Y             Z
 A  8.702978E-01 -2.307166E-01 -4.351454E-01
 B  4.684431E-01  6.606320E-01  5.866229E-01
 C  1.521273E-01 -7.143775E-01  6.830242E-01

 ANGLES BETWEEN PRINCIPAL AXES AND ORIGINAL AXES (DEGREES)
         X             Y             Z
 A     29.506732    103.339265    115.794547
 B     62.066717     48.651912     54.082276
 C     81.249772    135.592208     46.919583


 POINT   ATOM  MASS NO  NUCLEAR G FACTOR
    5    5 O      17      -0.7575220

 TENSOR IN ORIGINAL CARTESIAN AXES
 XX  7.315275E-02 YY -4.424314E-02 ZZ -2.890961E-02 XY -1.043927E-02 XZ -6.994851E-03 YZ -9.688219E-02

 TENSOR IN PRINCIPAL AXIS SYSTEM
 AA  7.417339E-02 BB -1.345037E-01 CC  6.033029E-02

 PRINCIPAL AXES
         X             Y             Z
 A  9.881312E-01 -1.395831E-01  6.413548E-02
 B  5.968197E-02  7.335634E-01  6.769954E-01
 C -1.415445E-01 -6.651325E-01  7.331875E-01

 ANGLES BETWEEN PRINCIPAL AXES AND ORIGINAL AXES (DEGREES)
         X             Y             Z
 A      8.836334     98.023722     86.322784
 B     86.578442     42.814033     47.390704
 C     98.137232    131.692492     42.845718


 POINT   ATOM  MASS NO  NUCLEAR G FACTOR
    6    6 O      17      -0.7575220

 TENSOR IN ORIGINAL CARTESIAN AXES
 XX -2.758701E-02 YY  7.070964E-03 ZZ  2.051604E-02 XY -2.591759E-02 XZ  1.240337E-02 YZ  2.784682E-03

 TENSOR IN PRINCIPAL AXIS SYSTEM
 AA -4.377646E-02 BB  1.842269E-02 CC  2.535377E-02

 PRINCIPAL AXES
         X             Y             Z
 A  8.709089E-01  4.541923E-01 -1.876888E-01
 B -2.703859E-01  7.617537E-01  5.887468E-01
 C  4.103769E-01 -4.619964E-01  7.862252E-01

 ANGLES BETWEEN PRINCIPAL AXES AND ORIGINAL AXES (DEGREES)
         X             Y             Z
 A     29.435570     62.987023    100.817936
 B    105.687230     40.380957     53.931871
 C     65.771487    117.516009     38.165861


 POINT   ATOM  MASS NO  NUCLEAR G FACTOR
    7    7 O      17      -0.7575220

 TENSOR IN ORIGINAL CARTESIAN AXES
 XX  4.638186E-04 YY  1.137817E-03 ZZ -1.601636E-03 XY  3.494518E-04 XZ -5.650606E-04 YZ -3.591043E-04

 TENSOR IN PRINCIPAL AXIS SYSTEM
 AA  3.776291E-04 BB  1.392612E-03 CC -1.770241E-03

 PRINCIPAL AXES
         X             Y             Z
 A  8.656363E-01 -4.740388E-01 -1.611243E-01
 B  4.443887E-01  8.756944E-01 -1.888862E-01
 C  2.306350E-01  9.190498E-02  9.686903E-01

 ANGLES BETWEEN PRINCIPAL AXES AND ORIGINAL AXES (DEGREES)
         X             Y             Z
 A     30.044561    118.296786     99.272159
 B     63.615765     28.872737    100.887794
 C     76.665538     84.726791     14.375289


 POINT   ATOM  MASS NO  NUCLEAR G FACTOR
    8    8 O      17      -0.7575220

 TENSOR IN ORIGINAL CARTESIAN AXES
 XX -1.556279E-04 YY  2.120688E-04 ZZ -5.644085E-05 XY  3.928846E-04 XZ  1.234287E-03 YZ  5.148294E-04

 TENSOR IN PRINCIPAL AXIS SYSTEM
 AA -1.345186E-03 BB -1.160254E-04 CC  1.461211E-03

 PRINCIPAL AXES
         X             Y             Z
 A  7.106032E-01  5.267513E-02 -7.016184E-01
 B -3.558549E-01  8.871554E-01 -2.938072E-01
 C  6.069682E-01  4.584547E-01  6.491601E-01

 ANGLES BETWEEN PRINCIPAL AXES AND ORIGINAL AXES (DEGREES)
         X             Y             Z
 A     44.715986     86.980540    134.556996
 B    110.845846     27.482061    107.086028
 C     52.629393     62.712564     49.521691


 POINT   ATOM  MASS NO  NUCLEAR G FACTOR
    9    9 O      17      -0.7575220

 TENSOR IN ORIGINAL CARTESIAN AXES
 XX -2.224865E-03 YY  3.518751E-03 ZZ -1.293886E-03 XY -2.996490E-03 XZ  5.178245E-03 YZ -7.257369E-03

 TENSOR IN PRINCIPAL AXIS SYSTEM
 AA -3.041071E-03 BB  1.106147E-02 CC -8.020396E-03

 PRINCIPAL AXES
         X             Y             Z
 A  7.660512E-01  6.012869E-01  2.271994E-01
 B -3.880562E-01  7.144048E-01 -5.822698E-01
 C -5.124236E-01  3.578824E-01  7.806038E-01

 ANGLES BETWEEN PRINCIPAL AXES AND ORIGINAL AXES (DEGREES)
         X             Y             Z
 A     39.999397     53.037876     76.867758
 B    112.833606     44.405559    125.610349
 C    120.825397     69.029797     38.684108


 POINT   ATOM  MASS NO  NUCLEAR G FACTOR
   10   10 O      17      -0.7575220

 TENSOR IN ORIGINAL CARTESIAN AXES
 XX  4.210312E-04 YY  8.710536E-03 ZZ -9.131568E-03 XY  1.753153E-02 XZ  5.390365E-03 YZ  5.206978E-04

 TENSOR IN PRINCIPAL AXIS SYSTEM
 AA -1.584915E-02 BB  2.302434E-02 CC -7.175189E-03

 PRINCIPAL AXES
         X             Y             Z
 A  6.989165E-01 -4.878212E-01 -5.230164E-01
 B  6.259694E-01  7.709576E-01  1.174167E-01
 C  3.459451E-01 -4.094567E-01  8.441962E-01

 ANGLES BETWEEN PRINCIPAL AXES AND ORIGINAL AXES (DEGREES)
         X             Y             Z
 A     45.659862    119.197479    121.534805
 B     51.246625     39.560042     83.256966
 C     69.760499    114.170712     32.414087


 POINT   ATOM  MASS NO  NUCLEAR G FACTOR
   11   11 O      17      -0.7575220

 TENSOR IN ORIGINAL CARTESIAN AXES
 XX -7.663690E-03 YY  1.039698E-02 ZZ -2.733291E-03 XY -1.007686E-02 XZ -4.735507E-03 YZ  1.525277E-02

 TENSOR IN PRINCIPAL AXIS SYSTEM
 AA -1.376092E-02 BB  2.425121E-02 CC -1.049029E-02

 PRINCIPAL AXES
         X             Y             Z
 A  5.210845E-01  6.003788E-01 -6.066435E-01
 B -3.269912E-01  7.969651E-01  5.078616E-01
 C  7.883830E-01 -6.627173E-02  6.116047E-01

 ANGLES BETWEEN PRINCIPAL AXES AND ORIGINAL AXES (DEGREES)
         X             Y             Z
 A     58.594974     53.102971    127.347197
 B    109.086254     37.158737     59.478506
 C     37.965347     93.799875     52.294374


 POINT   ATOM  MASS NO  NUCLEAR G FACTOR
   12   12 O      17      -0.7575220

 TENSOR IN ORIGINAL CARTESIAN AXES
 XX  8.589745E-02 YY -5.242753E-02 ZZ -3.346992E-02 XY -3.887209E-02 XZ -6.193671E-02 YZ  1.667048E-02

 TENSOR IN PRINCIPAL AXIS SYSTEM
 AA  1.224564E-01 BB -6.266269E-02 CC -5.979367E-02

 PRINCIPAL AXES
         X             Y             Z
 A  8.944393E-01 -2.350731E-01 -3.804196E-01
 B  1.983139E-01  9.709739E-01 -1.337211E-01
 C  4.008117E-01  4.416292E-02  9.150954E-01

 ANGLES BETWEEN PRINCIPAL AXES AND ORIGINAL AXES (DEGREES)
         X             Y             Z
 A     26.563506    103.595931    112.359675
 B     78.561624     13.838475     97.684674
 C     66.371068     87.468828     23.780720


 POINT   ATOM  MASS NO  NUCLEAR G FACTOR
   13   13 O      17      -0.7575220

 TENSOR IN ORIGINAL CARTESIAN AXES
 XX  1.090877E-01 YY -3.168112E-02 ZZ -7.740656E-02 XY  2.703571E-02 XZ -2.942191E-02 YZ  1.977595E-01

 TENSOR IN PRINCIPAL AXIS SYSTEM
 AA  1.134245E-01 BB  1.445448E-01 CC -2.579692E-01

 PRINCIPAL AXES
         X             Y             Z
 A  9.939382E-01  5.738347E-02 -9.377632E-02
 B  1.944629E-02  7.477624E-01  6.636815E-01
 C  1.082068E-01 -6.614820E-01  7.421137E-01

 ANGLES BETWEEN PRINCIPAL AXES AND ORIGINAL AXES (DEGREES)
         X             Y             Z
 A      6.311872     86.710362     95.380894
 B     88.885740     41.603077     48.418744
 C     83.788047    131.413000     42.088213


 POINT   ATOM  MASS NO  NUCLEAR G FACTOR
   14   14 O      17      -0.7575220

 TENSOR IN ORIGINAL CARTESIAN AXES
 XX  1.684850E-03 YY  5.985938E-04 ZZ -2.283444E-03 XY  1.507686E-04 XZ -4.456115E-03 YZ  6.372709E-03

 TENSOR IN PRINCIPAL AXIS SYSTEM
 AA  7.215837E-03 BB  1.456216E-03 CC -8.672053E-03

 PRINCIPAL AXES
         X             Y             Z
 A  4.930737E-01 -5.976319E-01 -6.322297E-01
 B  8.007476E-01  5.958627E-01  6.124519E-02
 C  3.401200E-01 -5.364548E-01  7.723566E-01

 ANGLES BETWEEN PRINCIPAL AXES AND ORIGINAL AXES (DEGREES)
         X             Y             Z
 A     60.457190    126.700484    129.214817
 B     36.798450     53.425844     86.488712
 C     70.115814    122.442625     39.434021


 POINT   ATOM  MASS NO  NUCLEAR G FACTOR
   15   15 O      17      -0.7575220

 TENSOR IN ORIGINAL CARTESIAN AXES
 XX  6.126730E-03 YY  7.635367E-03 ZZ -1.376210E-02 XY -7.994450E-04 XZ  9.846853E-03 YZ -1.316900E-02

 TENSOR IN PRINCIPAL AXIS SYSTEM
 AA  5.885197E-03 BB  1.674651E-02 CC -2.263171E-02

 PRINCIPAL AXES
         X             Y             Z
 A  8.191047E-01  5.730348E-01  2.643171E-02
 B -4.944064E-01  7.285786E-01 -4.740628E-01
 C -2.909121E-01  3.752391E-01  8.800942E-01

 ANGLES BETWEEN PRINCIPAL AXES AND ORIGINAL AXES (DEGREES)
         X             Y             Z
 A     35.004727     55.037880     88.485398
 B    119.630612     43.232634    118.298348
 C    106.912567     67.960909     28.346271


 POINT   ATOM  MASS NO  NUCLEAR G FACTOR
   16   16 O      17      -0.7575220

 TENSOR IN ORIGINAL CARTESIAN AXES
 XX -1.234415E-02 YY -1.836219E-02 ZZ  3.070634E-02 XY  6.824947E-03 XZ  1.984060E-02 YZ  1.325487E-02

 TENSOR IN PRINCIPAL AXIS SYSTEM
 AA -1.927857E-02 BB -2.281664E-02 CC  4.209521E-02

 PRINCIPAL AXES
         X             Y             Z
 A  7.734053E-01  4.654006E-01 -4.304029E-01
 B -5.226023E-01  8.523996E-01 -1.737010E-02
 C  3.587912E-01  2.383637E-01  9.024697E-01

 ANGLES BETWEEN PRINCIPAL AXES AND ORIGINAL AXES (DEGREES)
         X             Y             Z
 A     39.339330     62.263851    115.493130
 B    121.506973     31.526370     90.995284
 C     68.974023     76.210017     25.515372


 POINT   ATOM  MASS NO  NUCLEAR G FACTOR
   17   17 O      17      -0.7575220

 TENSOR IN ORIGINAL CARTESIAN AXES
 XX  1.779215E-02 YY  1.815493E-02 ZZ -3.594708E-02 XY  1.655599E-02 XZ  3.150589E-02 YZ -1.789931E-02

 TENSOR IN PRINCIPAL AXIS SYSTEM
 AA  2.078475E-02 BB  3.685463E-02 CC -5.763939E-02

 PRINCIPAL AXES
         X             Y             Z
 A  3.685603E-01 -8.080308E-01  4.596188E-01
 B  8.279685E-01  5.101267E-01  2.328925E-01
 C -4.226481E-01  2.947150E-01  8.570365E-01

 ANGLES BETWEEN PRINCIPAL AXES AND ORIGINAL AXES (DEGREES)
         X             Y             Z
 A     68.373146    143.903984     62.637486
 B     34.109383     59.327732     76.532575
 C    115.001889     72.859552     31.014544


 POINT   ATOM  MASS NO  NUCLEAR G FACTOR
   18   18 O      17      -0.7575220

 TENSOR IN ORIGINAL CARTESIAN AXES
 XX  1.823281E-03 YY  5.754001E-03 ZZ -7.577282E-03 XY -2.011035E-03 XZ  6.123260E-03 YZ  3.599134E-03

 TENSOR IN PRINCIPAL AXIS SYSTEM
 AA  4.820125E-03 BB  6.754608E-03 CC -1.157473E-02

 PRINCIPAL AXES
         X             Y             Z
 A  8.794780E-01  1.037239E-01  4.644995E-01
 B -1.977669E-01  9.673605E-01  1.584356E-01
 C -4.329049E-01 -2.312033E-01  8.712855E-01

 ANGLES BETWEEN PRINCIPAL AXES AND ORIGINAL AXES (DEGREES)
         X             Y             Z
 A     28.420539     84.046351     62.322166
 B    101.406405     14.679038     80.883894
 C    115.652054    103.367925     29.391634


 POINT   ATOM  MASS NO  NUCLEAR G FACTOR
   19   19 O      17      -0.7575220

 TENSOR IN ORIGINAL CARTESIAN AXES
 XX -6.306407E-05 YY -1.176851E-03 ZZ  1.239915E-03 XY -1.837085E-03 XZ -1.137969E-03 YZ  3.299629E-03

 TENSOR IN PRINCIPAL AXIS SYSTEM
 AA  4.438981E-03 BB -3.716876E-03 CC -7.221049E-04

 PRINCIPAL AXES
         X             Y             Z
 A  4.100585E-01 -5.580233E-01 -7.214305E-01
 B  2.640395E-01  8.297503E-01 -4.917291E-01
 C  8.730035E-01  1.115156E-02  4.875864E-01

 ANGLES BETWEEN PRINCIPAL AXES AND ORIGINAL AXES (DEGREES)
         X             Y             Z
 A     65.791490    123.919206    136.172714
 B     74.690113     33.926899    119.454295
 C     29.190432     89.361049     60.817936


 POINT   ATOM  MASS NO  NUCLEAR G FACTOR
   20   20 O      17      -0.7575220

 TENSOR IN ORIGINAL CARTESIAN AXES
 XX  3.676432E-03 YY -1.101795E-02 ZZ  7.341517E-03 XY  7.984614E-03 XZ  1.655942E-03 YZ -1.470075E-03

 TENSOR IN PRINCIPAL AXIS SYSTEM
 AA  6.414719E-03 BB -1.470521E-02 CC  8.290487E-03

 PRINCIPAL AXES
         X             Y             Z
 A  6.799853E-01  3.650737E-01 -6.358782E-01
 B -4.036485E-01  9.103751E-01  9.102206E-02
 C  6.121175E-01  1.947776E-01  7.664032E-01

 ANGLES BETWEEN PRINCIPAL AXES AND ORIGINAL AXES (DEGREES)
         X             Y             Z
 A     47.157503     68.587882    129.485152
 B    113.806464     24.442758     84.777592
 C     52.257231     78.768265     39.968012


 POINT   ATOM  MASS NO  NUCLEAR G FACTOR
   21   21 O      17      -0.7575220

 TENSOR IN ORIGINAL CARTESIAN AXES
 XX  3.877284E-03 YY -3.231751E-03 ZZ -6.455328E-04 XY -3.092436E-04 XZ  5.491415E-04 YZ -6.647109E-04

 TENSOR IN PRINCIPAL AXIS SYSTEM
 AA  3.963956E-03 BB -3.396704E-03 CC -5.672524E-04

 PRINCIPAL AXES
         X             Y             Z
 A  9.905711E-01 -5.419418E-02  1.258246E-01
 B  2.397550E-02  9.728335E-01  2.302609E-01
 C -1.348852E-01 -2.250731E-01  9.649601E-01

 ANGLES BETWEEN PRINCIPAL AXES AND ORIGINAL AXES (DEGREES)
         X             Y             Z
 A      7.874251     93.106620     82.771624
 B     88.626174     13.385739     76.687566
 C     97.751980    103.007178     15.212309


 POINT   ATOM  MASS NO  NUCLEAR G FACTOR
   22   22 O      17      -0.7575220

 TENSOR IN ORIGINAL CARTESIAN AXES
 XX  6.240219E-03 YY -3.489464E-03 ZZ -2.750755E-03 XY  1.056106E-02 XZ -4.030461E-03 YZ -6.216800E-03

 TENSOR IN PRINCIPAL AXIS SYSTEM
 AA  1.554182E-02 BB -1.159318E-02 CC -3.948644E-03

 PRINCIPAL AXES
         X             Y             Z
 A  7.649660E-01  5.394501E-01 -3.518815E-01
 B -3.989039E-01  8.257616E-01  3.987400E-01
 C  5.056705E-01 -1.646556E-01  8.468683E-01

 ANGLES BETWEEN PRINCIPAL AXES AND ORIGINAL AXES (DEGREES)
         X             Y             Z
 A     40.096030     57.353790    110.602440
 B    113.509671     34.334222     66.500568
 C     59.624126     99.477231     32.127341


 POINT   ATOM  MASS NO  NUCLEAR G FACTOR
   23   23 O      17      -0.7575220

 TENSOR IN ORIGINAL CARTESIAN AXES
 XX  4.035232E-03 YY -6.377285E-03 ZZ  2.342053E-03 XY -4.707725E-03 XZ -2.084068E-02 YZ -3.690085E-03

 TENSOR IN PRINCIPAL AXIS SYSTEM
 AA  2.407035E-02 BB -3.862264E-03 CC -2.020808E-02

 PRINCIPAL AXES
         X             Y             Z
 A  7.238052E-01 -2.835860E-02 -6.894214E-01
 B -2.529801E-01  9.186720E-01 -3.033856E-01
 C  6.419557E-01  3.940020E-01  6.577654E-01

 ANGLES BETWEEN PRINCIPAL AXES AND ORIGINAL AXES (DEGREES)
         X             Y             Z
 A     43.630458     91.625046    133.584325
 B    104.653929     23.267297    107.661065
 C     50.062192     66.796256     48.870330


 POINT   ATOM  MASS NO  NUCLEAR G FACTOR
   24   24 O      17      -0.7575220

 TENSOR IN ORIGINAL CARTESIAN AXES
 XX -2.207945E-03 YY -2.876717E-03 ZZ  5.084662E-03 XY -1.658121E-03 XZ -7.334708E-04 YZ -1.209181E-03

 TENSOR IN PRINCIPAL AXIS SYSTEM
 AA -8.568561E-04 BB -4.439936E-03 CC  5.296792E-03

 PRINCIPAL AXES
         X             Y             Z
 A  7.814099E-01 -6.232781E-01 -3.038069E-02
 B  6.203736E-01  7.706708E-01  1.456131E-01
 C -6.734395E-02 -1.326309E-01  9.888750E-01

 ANGLES BETWEEN PRINCIPAL AXES AND ORIGINAL AXES (DEGREES)
         X             Y             Z
 A     38.610156    128.555918     91.740953
 B     51.656578     39.585839     81.627216
 C     93.861447     97.621648      8.554416


 POINT   ATOM  MASS NO  NUCLEAR G FACTOR
   25   25 O      17      -0.7575220

 TENSOR IN ORIGINAL CARTESIAN AXES
 XX  9.345420E-02 YY  1.432567E-01 ZZ -2.367109E-01 XY  1.960307E-02 XZ  1.215990E-01 YZ -2.491496E-02

 TENSOR IN PRINCIPAL AXIS SYSTEM
 AA  1.270218E-01 BB  1.517438E-01 CC -2.787655E-01

 PRINCIPAL AXES
         X             Y             Z
 A  8.065482E-01 -5.068040E-01  3.043511E-01
 B  5.014372E-01  8.591771E-01  1.018597E-01
 C -3.131145E-01  7.045818E-02  9.470982E-01

 ANGLES BETWEEN PRINCIPAL AXES AND ORIGINAL AXES (DEGREES)
         X             Y             Z
 A     36.239956    120.451181     72.280870
 B     59.904870     30.775685     84.153727
 C    108.247023     85.959696     18.720020


 POINT   ATOM  MASS NO  NUCLEAR G FACTOR
   26   26 O      17      -0.7575220

 TENSOR IN ORIGINAL CARTESIAN AXES
 XX  3.634617E-04 YY  8.456938E-04 ZZ -1.209156E-03 XY  1.138489E-03 XZ -1.787196E-03 YZ  3.662899E-03

 TENSOR IN PRINCIPAL AXIS SYSTEM
 AA  3.633608E-03 BB  1.209646E-03 CC -4.843254E-03

 PRINCIPAL AXES
         X             Y             Z
 A  6.408482E-02 -7.843964E-01 -6.169404E-01
 B  9.243649E-01  2.796387E-01 -2.595223E-01
 C  3.760887E-01 -5.536466E-01  7.429891E-01

 ANGLES BETWEEN PRINCIPAL AXES AND ORIGINAL AXES (DEGREES)
         X             Y             Z
 A     86.325692    141.664887    128.093047
 B     22.427225     73.761360    105.041720
 C     67.908380    123.617544     42.013336


 POINT   ATOM  MASS NO  NUCLEAR G FACTOR
   27   27 O      17      -0.7575220

 TENSOR IN ORIGINAL CARTESIAN AXES
 XX  6.297604E-02 YY -5.258140E-02 ZZ -1.039464E-02 XY -2.034749E-02 XZ  3.717996E-03 YZ  9.225250E-02

 TENSOR IN PRINCIPAL AXIS SYSTEM
 AA  7.369666E-02 BB -1.278669E-01 CC  5.417027E-02

 PRINCIPAL AXES
         X             Y             Z
 A  7.319066E-01 -4.749118E-01 -4.886425E-01
 B  9.532854E-02  7.814222E-01 -6.166780E-01
 C  6.747038E-01  4.047691E-01  6.172008E-01

 ANGLES BETWEEN PRINCIPAL AXES AND ORIGINAL AXES (DEGREES)
         X             Y             Z
 A     42.953528    118.353608    119.251395
 B     84.529771     38.609021    128.073948
 C     47.568850     66.123339     51.887994


 POINT   ATOM  MASS NO  NUCLEAR G FACTOR
   28   28 O      17      -0.7575220

 TENSOR IN ORIGINAL CARTESIAN AXES
 XX  2.614131E-02 YY  4.033706E-02 ZZ -6.647838E-02 XY  1.974471E-02 XZ -6.098961E-02 YZ  5.345464E-02

 TENSOR IN PRINCIPAL AXIS SYSTEM
 AA  6.468634E-02 BB  5.247223E-02 CC -1.171586E-01

 PRINCIPAL AXES
         X             Y             Z
 A  3.891579E-01 -7.755759E-01 -4.970294E-01
 B  8.260912E-01  5.325708E-01 -1.842328E-01
 C  4.075898E-01 -3.388959E-01  8.479505E-01

 ANGLES BETWEEN PRINCIPAL AXES AND ORIGINAL AXES (DEGREES)
         X             Y             Z
 A     67.097885    140.857271    119.803657
 B     34.300723     57.820683    100.616404
 C     65.946481    109.809622     32.010547


 POINT   ATOM  MASS NO  NUCLEAR G FACTOR
   29   29 O      17      -0.7575220

 TENSOR IN ORIGINAL CARTESIAN AXES
 XX -2.333677E-03 YY -1.456453E-04 ZZ  2.479323E-03 XY -7.912026E-04 XZ  3.074593E-05 YZ  1.036749E-03

 TENSOR IN PRINCIPAL AXIS SYSTEM
 AA -2.615404E-03 BB -2.345992E-04 CC  2.850003E-03

 PRINCIPAL AXES
         X             Y             Z
 A  9.404261E-01  3.320163E-01 -7.323898E-02
 B -3.368802E-01  8.808203E-01 -3.326669E-01
 C -4.594045E-02  3.375214E-01  9.401961E-01

 ANGLES BETWEEN PRINCIPAL AXES AND ORIGINAL AXES (DEGREES)
         X             Y             Z
 A     19.876765     70.608797     94.200045
 B    109.686911     28.258520    109.430726
 C     92.633121     70.274064     19.915478


 POINT   ATOM  MASS NO  NUCLEAR G FACTOR
   30   30 O      17      -0.7575220

 TENSOR IN ORIGINAL CARTESIAN AXES
