
         
 *******************************************************************************
 *                                                                             *
 *                                CRYSTAL09                                    *
 *                              public : 2.0                                   *
 *                      December 10th, 2012 - sequential executable            *
 *                                                                             *
 *                                                                             *
 *                                                                             *
 *                              MAIN AUTHORS                                   *
 *                                                                             *
 *    R. DOVESI(1,10), V.R. SAUNDERS(2), C. ROETTI(1,10), R. ORLANDO (1,3),    *
 *  C.M. ZICOVICH-WILSON(1,4), F. PASCALE(5), B. CIVALLERI(1,10), K. DOLL(6),  *
 *       N.M. HARRISON(2,7), I. J. BUSH(2), Ph. D'ARCO(8), M. LLUNELL(9)       *
 *                                                                             *
 * (1) THEORETICAL CHEMISTRY GROUP - UNIVERSITA' DI TORINO - TORINO (ITALY)    *
 *      http://www.crystal.unito.it                                            *
 * (2) COMPUTATIONAL SCIENCE & ENGINEERING DEPARTMENT - CCLRC DARESBURY (UK)   *
 *     http://www.cse.clrc.ac.uk/cmg/CRYSTAL/                                  *
 * (3) UNIVERSITA' DEL PIEMONTE ORIENTALE - ALESSANDRIA (ITALY)                *
 * (4) UNIVERSIDAD AUTONOMA DEL ESTADO DE MORELOS - CUERNAVACA (MEXICO)        *
 * (5) UNIVERSITE' HENRI POINCARE' - NANCY (FRANCE)                            *
 * (6) MPI FUER FESTKOERPERFORSCHUNG - STUTTGART (GERMANY)                     *
 * (7) IMPERIAL COLLEGE - LONDON (UK)                                          *
 * (8) UNIVERSITE' PIERRE ET MARIE CURIE - PARIS (FRANCE)                      *
 * (9) UNIVERSIDAD DE BARCELONA - BARCELONA (SPAIN)                            *
 *(10) NIS - NANOSTRUCTURED INTERFACES AND SURFACES - TORINO (ITALY)           *
 *     http://www.crystal.unito.it                                             *
 *******************************************************************************
 EEEEEEEEEE STARTING  DATE 11 05 2015 TIME 10:57:30.3

 *******************************************************************************
 Created with astools                                                            
 CRYSTAL - PROPERTIES - TYPE OF CALCULATION :  UNRESTRICTED OPEN SHELL
 *******************************************************************************
 SPIN POLARIZED SYSTEM: SUMMED SPIN DENSITY    0.00000000

 KOHN-SHAM HAMILTONIAN

 (EXCHANGE)[CORRELATION] FUNCTIONAL:(BECKE)[LEE-YANG-PARR]

 NON-LOCAL WEIGHTING FACTOR (EXCHANGE) =           0.9000
 NON-LOCAL WEIGHTING FACTOR [CORRELATION] =        0.8100

 HYBRID EXCHANGE - PERCENTAGE OF FOCK EXCHANGE     5.0000

 SPIN POLARIZED DFT SELECTED

 DIRECT LATTICE VECTOR COMPONENTS (ANGSTROM)
        10.87570    0.00000    0.00000
         0.00000   10.77870    0.00000
         0.00000    0.00000   21.18660

 LATTICE PARAMETERS  (ANGSTROM AND DEGREES) - PRIMITIVE CELL
       A          B          C         ALPHA      BETA     GAMMA        VOLUME
   10.87570   10.77870   21.18660     47.6259   47.6259   47.6259    2483.61841
 *******************************************************************************
 N. OF ATOMS PER CELL      148  COULOMB OVERLAP TOL         (T1) 10** -8
 NUMBER OF SHELLS          776  COULOMB PENETRATION TOL     (T2) 10** -8
 NUMBER OF AO             2752  EXCHANGE OVERLAP TOL        (T3) 10** -8
 N. OF ELECTRONS PER CELL 1736  EXCHANGE PSEUDO OVP (F(G))  (T4) 10** -8
 CORE ELECTRONS PER CELL  1032  EXCHANGE PSEUDO OVP (P(G))  (T5) 10**-16
 N. OF SYMMETRY OPERATORS    1  POLE ORDER IN MONO ZONE                4
 *******************************************************************************
   ATOM N.AT.  SHELL    X(A)      Y(A)      Z(A)      EXAD       N.ELECT.
 *******************************************************************************
    1    8 O     4    -4.916    -1.220    -7.783   1.900E-01       8.681
    2    8 O     4     3.865     3.559    -8.048   1.900E-01       8.620
    3    8 O     4    -2.184     2.713    -9.327   1.900E-01       8.709
    4    8 O     4     3.759    -4.643    -8.818   1.900E-01       8.642
    5    8 O     4    -3.527     2.014    -6.835   1.900E-01       8.519
    6    8 O     4    -1.623    -3.488    -9.008   1.900E-01       8.608
    7    8 O     4    -3.909    -4.645    -7.594   1.900E-01       8.656
    8    8 O     4     2.600    -0.081    -8.489   1.900E-01       8.640
    9    8 O     4     1.168     3.886    -7.585   1.900E-01       8.666
   10    8 O     4    -3.816     0.722    -9.530   1.900E-01       8.790
   11    8 O     4    -0.921    -0.126    -9.897   1.900E-01       8.619
   12    8 O     4    -4.307     3.642    -9.442   1.900E-01       8.711
   13    8 O     4     3.339    -2.456    -7.426   1.900E-01       8.752
   14    8 O     4     1.208    -3.977    -8.547   1.900E-01       8.633
   15    8 O     4    -0.139    -2.026    -7.493   1.900E-01       8.619
   16    8 O     4     2.411    -2.556   -10.080   1.900E-01       8.807
   17    8 O     4     0.543     3.462    -1.741   1.900E-01       8.593
   18    8 O     4     2.938     4.047    -5.559   1.900E-01       8.551
   19    8 O     4     1.757     5.239    -3.281   1.900E-01       8.652
   20    8 O     4    -5.437     2.256    -4.165   1.900E-01       8.555
   21    8 O     4    -3.735     1.041    -2.594   1.900E-01       8.505
   22    8 O     4    -2.221     4.701    -5.857   1.900E-01       8.613
   23    8 O     4     4.178    -1.969    -0.464   1.900E-01       8.564
   24    8 O     4    -1.825    -1.784    -0.855   1.900E-01       8.638
   25    8 O     4    -5.026    -4.459    -1.617   1.900E-01       8.848
   26    8 O     4     2.115    -4.225    -5.622   1.900E-01       8.599
   27    8 O     4    -3.397    -3.709    -5.310   1.900E-01       8.686
   28    8 O     4    -5.154    -1.556    -2.623   1.900E-01       8.583
   29    8 O     4    -0.333     0.365    -5.778   1.900E-01       8.648
   30    8 O     4     0.510    -2.464    -4.956   1.900E-01       8.595
   31    8 O     4    -4.372    -1.363    -5.183   1.900E-01       8.580
   32    8 O     4    -1.804    -1.528    -5.735   1.900E-01       8.678
   33    8 O     4    -1.101     1.249    -1.977   1.900E-01       8.692
   34    8 O     4     0.378     4.462    -5.140   1.900E-01       8.655
   35    8 O     4    -1.898     2.163    -4.146   1.900E-01       8.530
   36    8 O     4     3.654    -3.767    -2.171   1.900E-01       8.568
   37    8 O     4    -0.636    -4.869    -7.144   1.900E-01       8.715
   38    8 O     4    -2.643    -5.126    -1.250   1.900E-01       8.618
   39    8 O     4     0.664     1.845    -3.840   1.900E-01       8.567
   40    8 O     4    -2.593     3.021    -1.229   1.900E-01       8.657
   41    8 O     4     4.451     1.241    -1.787   1.900E-01       8.504
   42    8 O     4     4.243    -0.110    -6.147   1.900E-01       8.533
   43    8 O     4    -4.808     4.752    -5.461   1.900E-01       8.549
   44    8 O     4     1.245     1.081    -1.053   1.900E-01       8.566
   45    8 O     4     3.532    -2.255    -4.533   1.900E-01       8.608
   46    8 O     4     4.074     4.659    -0.688   1.900E-01       8.685
   47    8 O     4    -3.621     3.912    -3.238   1.900E-01       8.795
   48    8 O     4    -2.329    -2.310    -3.349   1.900E-01       8.675
   49    8 O     4    -1.033     5.046    -3.111   1.900E-01       8.646
   50    8 O     4    -3.846    -3.237     0.177   1.900E-01       8.576
   51    8 O     4     4.628     4.609    -3.276   1.900E-01       8.556
   52    8 O     4     0.397    -4.713    -1.158   1.900E-01       8.627
   53    8 O     4     0.319    -1.542    -2.467   1.900E-01       8.534
   54    8 O     4     1.744    -0.924    -6.101   1.900E-01       8.889
   55    8 O     4    -0.849     2.690    -6.461   1.900E-01       8.752
   56    8 O     4     2.518     1.695    -6.617   1.900E-01       8.620
   57   14 SI    6     0.553     0.427     0.313   6.000E-01      13.393
   58   14 SI    6     3.243     3.441     0.125   6.000E-01      13.431
   59   14 SI    6     1.747     4.549     1.578   6.000E-01      14.108
   60   14 SI    6     4.458     1.948     1.530   6.000E-01      14.054
   61   14 SI    6     0.409     3.175     2.980   6.000E-01      13.990
   62   14 SI    6     3.140     0.524     2.940   6.000E-01      13.983
   63   14 SI    6     1.785     1.824     4.395   6.000E-01      13.994
   64   14 SI    6     4.456     4.482     4.518   6.000E-01      13.994
   65   14 SI    6     0.821    -4.374     0.414   6.000E-01      13.555
   66   14 SI    6     2.926    -2.642     0.462   6.000E-01      13.636
   67   14 SI    6     1.827    -0.990     1.677   6.000E-01      14.093
   68   14 SI    6     4.080    -3.327     2.289   6.000E-01      13.945
   69   14 SI    6     0.360    -2.218     3.132   6.000E-01      14.012
   70   14 SI    6     2.966    -5.064     3.231   6.000E-01      14.054
   71   14 SI    6     1.628    -3.650     4.540   6.000E-01      13.988
   72   14 SI    6     4.448    -0.816     4.437   6.000E-01      14.009
   73   14 SI    6    -4.572     1.030     0.480   6.000E-01      13.805
   74   14 SI    6    -2.781     2.647     0.396   6.000E-01      13.653
   75   14 SI    6    -3.682     4.507     1.575   6.000E-01      14.021
   76   14 SI    6    -0.936     1.747     1.611   6.000E-01      14.100
   77   14 SI    6    -5.104     3.214     3.020   6.000E-01      14.033
   78   14 SI    6    -2.252     0.451     3.114   6.000E-01      14.040
   79   14 SI    6    -3.680     1.824     4.397   6.000E-01      13.976
   80   14 SI    6    -0.941     4.495     4.444   6.000E-01      13.996
   81   14 SI    6    -3.959    -4.764    -0.348   6.000E-01      13.096
   82   14 SI    6    -2.561    -2.269     0.529   6.000E-01      13.280
   83   14 SI    6    -3.740    -0.726     1.765   6.000E-01      14.048
   84   14 SI    6    -0.994    -3.523     1.737   6.000E-01      14.102
   85   14 SI    6    -5.000    -2.180     3.165   6.000E-01      14.001
   86   14 SI    6    -2.324    -4.961     3.064   6.000E-01      14.001
   87   14 SI    6    -3.687    -3.631     4.512   6.000E-01      13.997
   88   14 SI    6    -0.964    -0.888     4.553   6.000E-01      13.993
   89   14 SI    6     0.445     0.492     5.842   6.000E-01      13.987
   90   14 SI    6     3.125     3.147     5.876   6.000E-01      14.005
   91   14 SI    6     0.311    -4.981     6.003   6.000E-01      13.991
   92   14 SI    6     3.090    -2.261     5.733   6.000E-01      13.997
   93   14 SI    6    -5.017     0.456     5.855   6.000E-01      13.993
   94   14 SI    6    -2.307     3.143     5.780   6.000E-01      13.999
   95   14 SI    6    -5.055    -4.989     5.929   6.000E-01      13.991
   96   14 SI    6    -2.360    -2.253     5.899   6.000E-01      14.006
   97   14 SI    6     1.751     4.416     7.340   6.000E-01      14.003
   98   14 SI    6     4.557     1.852     7.232   6.000E-01      13.997
   99   14 SI    6     0.333     3.155     8.773   6.000E-01      13.988
  100   14 SI    6     3.228     0.409     8.436   6.000E-01      14.065
  101   14 SI    6     1.365     1.099     9.685   6.000E-01      14.007
  102   14 SI    6     4.896     4.898     9.792   6.000E-01      13.989
  103   14 SI    6     1.788    -0.954     7.151   6.000E-01      13.992
  104   14 SI    6     4.440    -3.534     7.196   6.000E-01      14.010
  105   14 SI    6     0.311    -2.165     8.579   6.000E-01      14.066
  106   14 SI    6     3.108    -4.873     8.602   6.000E-01      14.037
  107   14 SI    6     1.476    -3.702     9.879   6.000E-01      13.616
  108   14 SI    6     4.625    -0.628    10.036   6.000E-01      14.083
  109   14 SI    6    -3.642     4.371     7.289   6.000E-01      14.000
  110   14 SI    6    -0.959     1.849     7.201   6.000E-01      14.041
  111   14 SI    6    -4.919     3.012     8.826   6.000E-01      13.979
  112   14 SI    6    -2.435     0.674     8.602   6.000E-01      14.079
  113   14 SI    6    -3.656     2.204   -10.343   6.000E-01      13.094
  114   14 SI    6    -0.622     4.891    10.161   6.000E-01      13.931
  115   14 SI    6    -3.708    -0.914     7.333   6.000E-01      13.993
  116   14 SI    6    -1.091    -3.597     7.334   6.000E-01      14.002
  117   14 SI    6    -5.131    -2.287     8.749   6.000E-01      13.968
  118   14 SI    6    -2.344    -5.043     8.724   6.000E-01      14.068
  119   14 SI    6    -4.209    -4.142     9.993   6.000E-01      14.015
  120   14 SI    6    -0.575    -0.243     9.650   6.000E-01      13.661
  121   14 SI    6    -2.164     1.758    -7.525   6.000E-01      13.319
  122   14 SI    6     2.531     3.293    -6.994   6.000E-01      12.873
  123   14 SI    6     2.568    -0.613   -10.035   6.000E-01      13.334
  124   14 SI    6    -3.198    -3.981    -8.964   6.000E-01      13.312
  125   14 SI    6     2.735    -3.376    -8.564   6.000E-01      12.720
  126   14 SI    6    -0.277    -3.570    -8.019   6.000E-01      12.665
  127   14 SI    6    -2.744     4.360    -9.313   6.000E-01      13.436
  128   14 SI    6    -5.301     0.140    -8.821   6.000E-01      13.300
  129   14 SI    6    -2.040    -0.385    -8.708   6.000E-01      13.371
  130   14 SI    6     4.285     4.647    -9.152   6.000E-01      12.974
  131   14 SI    6    -3.540    -5.149    -6.042   6.000E-01      12.781
  132   14 SI    6     0.420     4.971    -2.360   6.000E-01      12.739
  133   14 SI    6     5.295    -1.306    -6.264   6.000E-01      12.765
  134   14 SI    6    -5.320     1.249    -2.859   6.000E-01      12.922
  135   14 SI    6     4.723    -2.492    -1.911   6.000E-01      12.837
  136   14 SI    6    -2.964    -2.210    -4.883   6.000E-01      12.623
  137   14 SI    6     1.868     5.117    -4.935   6.000E-01      12.815
  138   14 SI    6    -2.437     2.038    -2.573   6.000E-01      12.857
  139   14 SI    6     0.391     1.900    -2.201   6.000E-01      12.862
  140   14 SI    6    -0.606     4.451    -6.410   6.000E-01      12.720
  141   14 SI    6    -0.544     1.756    -4.987   6.000E-01      12.707
  142   14 SI    6    -5.061     3.853    -4.124   6.000E-01      12.716
  143   14 SI    6     4.413    -5.208    -1.997   6.000E-01      12.761
  144   14 SI    6     2.773     0.117    -6.859   6.000E-01      12.591
  145   14 SI    6     2.169    -2.577    -5.269   6.000E-01      12.789
  146   14 SI    6    -0.131    -1.304    -5.953   6.000E-01      12.746
  147   14 SI    6    -1.165    -1.875    -2.312   6.000E-01      12.874
  148   14 SI    6    -2.628     5.257    -2.854   6.000E-01      12.887
 *******************************************************************************
 DE(K)                   0.000E+00  ENERGY LEVEL SHIFTING        0.00000
 TOTAL ENERGY -3.0844298301946E+04  CONVERGENCE ON ENER        4.316E-05
 KIN. ENERGY   3.0736332417357E+04  VIR. COEFF.           1.03675588E+00
 N. OF SCF CYCLES              135  FERMI ENERGY              -0.108E+00
 WEIGHT OF F(I) IN F(I+1)      95
 SHRINK. FACT.(MONKH.)     2  2  2  SHRINKING FACTOR(GILAT NET)        2
 NUMBER OF K POINTS IN THE IBZ   8  CELL VOLUME (A.U.)       16760.28806
 *******************************************************************************

 GCALCO - MAX INDICES DIRECT LATTICE VECTOR    18    19     9
 NO.OF VECTORS CREATED 6999 STARS 1059 RMAX   303.51649 BOHR

 DIMENSIONS  P(G)= 6323414 F(G)= 1128503 P(G),F(G) (IRR) 3170163
 MAX G-VECTOR INDEX FOR 1- AND 2-ELECTRON INTEGRALS  45


 CAPPA:IS1  2;IS2  2;IS3  2; K PTS MONK NET    8; SYMMOPS: K SPACE  2;G SPACE  1


 CAPPA:IS1  6;IS2  6;IS3  3; K PTS MONK NET   56; SYMMOPS: K SPACE  2;G SPACE  1

 *******************************************************************************
 RESTART WITH NEW K POINTS NET
 *******************************************************************************
 POINTS IN THE IBZ                  56 POINTS(GILAT NET)                56
 SHRINK FACTORS(MONK.)         6  6  3 SHRINK FACTOR(GILAT)              6
 *******************************************************************************
 *** K POINTS COORDINATES (OBLIQUE COORDINATES IN UNITS OF IS =  6)
   1-R(  0  0  0)   2-C(  1  0  0)   3-C(  2  0  0)   4-R(  3  0  0)
   5-C(  0  1  0)   6-C(  1  1  0)   7-C(  2  1  0)   8-C(  3  1  0)
   9-C(  4  1  0)  10-C(  5  1  0)  11-C(  0  2  0)  12-C(  1  2  0)
  13-C(  2  2  0)  14-C(  3  2  0)  15-C(  4  2  0)  16-C(  5  2  0)
  17-R(  0  3  0)  18-C(  1  3  0)  19-C(  2  3  0)  20-R(  3  3  0)
  21-C(  0  0  1)  22-C(  1  0  1)  23-C(  2  0  1)  24-C(  3  0  1)
  25-C(  4  0  1)  26-C(  5  0  1)  27-C(  0  1  1)  28-C(  1  1  1)
  29-C(  2  1  1)  30-C(  3  1  1)  31-C(  4  1  1)  32-C(  5  1  1)
  33-C(  0  2  1)  34-C(  1  2  1)  35-C(  2  2  1)  36-C(  3  2  1)
  37-C(  4  2  1)  38-C(  5  2  1)  39-C(  0  3  1)  40-C(  1  3  1)
  41-C(  2  3  1)  42-C(  3  3  1)  43-C(  4  3  1)  44-C(  5  3  1)
  45-C(  0  4  1)  46-C(  1  4  1)  47-C(  2  4  1)  48-C(  3  4  1)
  49-C(  4  4  1)  50-C(  5  4  1)  51-C(  0  5  1)  52-C(  1  5  1)
  53-C(  2  5  1)  54-C(  3  5  1)  55-C(  4  5  1)  56-C(  5  5  1)

 FERMI ENERGY AND DENSITY MATRIX CALCULATION ON COMPUTED EIGENVECTORS
 DENSITY MATRIX AT SCF CYCLE (135+1)


    ALPHA      ELECTRONS
 INSULATING STATE
 TOP OF VALENCE BANDS -    BAND    868; K   42; EIG -1.0710212E-01 AU
 TOP OF VALENCE BANDS -    BAND    868; K    1; EIG -1.1127470E-01 AU
 BOTTOM OF VIRTUAL BANDS - BAND    869; K   20; EIG -1.0687363E-01 AU
 BOTTOM OF VIRTUAL BANDS - BAND    869; K    1; EIG -1.0685975E-01 AU

    BETA       ELECTRONS
 INSULATING STATE
 TOP OF VALENCE BANDS -    BAND    868; K   20; EIG -1.0938065E-01 AU
 TOP OF VALENCE BANDS -    BAND    868; K    1; EIG -1.1127470E-01 AU
 BOTTOM OF VIRTUAL BANDS - BAND    869; K   10; EIG -9.8520367E-02 AU
 BOTTOM OF VIRTUAL BANDS - BAND    869; K    1; EIG -1.0685975E-01 AU

 CORE DENSITY MATRIX CALCULATION
 TTTTTTTTTTTTTTTTTTTTTTTTTTTTTT NEWK        TELAPSE   110653.01 TCPU   110482.19
 TTTTTTTTTTTTTTTTTTTTTTTTTTTTTT SETPRINT    TELAPSE   110653.01 TCPU   110482.19

 *******************************************************************************
 HYPERFINE ELECTRON-NUCLEAR SPIN INTERACTION TENSOR
 ANISOTROPIC COMPONENTS - THE TENSOR IS TRACELESS
 *******************************************************************************


 POINT   ATOM  MASS NO  NUCLEAR G FACTOR
    1    1 O      17      -0.7575220

 TENSOR IN ORIGINAL CARTESIAN AXES
 XX -8.202312E-04 YY -4.525770E-02 ZZ  4.607793E-02 XY  6.411871E-02 XZ  1.691647E-03 YZ  1.638740E-03

 TENSOR IN PRINCIPAL AXIS SYSTEM
 AA  4.303758E-02 BB -9.089915E-02 CC  4.786157E-02

 PRINCIPAL AXES
         X             Y             Z
 A  6.477967E-01  4.591376E-01 -6.079080E-01
 B -5.798655E-01  8.147081E-01 -2.585600E-03
 C  4.940804E-01  3.541798E-01  7.940033E-01

 ANGLES BETWEEN PRINCIPAL AXES AND ORIGINAL AXES (DEGREES)
         X             Y             Z
 A     49.624314     62.668527    127.438391
 B    125.441083     35.441488     90.148144
 C     60.390869     69.256814     37.438788


 POINT   ATOM  MASS NO  NUCLEAR G FACTOR
    2    2 O      17      -0.7575220

 TENSOR IN ORIGINAL CARTESIAN AXES
 XX -1.541466E-03 YY -1.456487E-03 ZZ  2.997952E-03 XY  2.722334E-03 XZ -9.382615E-05 YZ -1.308752E-03

 TENSOR IN PRINCIPAL AXIS SYSTEM
 AA -4.323127E-03 BB  7.983824E-04 CC  3.524745E-03

 PRINCIPAL AXES
         X             Y             Z
 A  6.924865E-01 -7.116579E-01 -1.183449E-01
 B  6.912839E-01  6.076347E-01  3.910329E-01
 C -2.063712E-01 -3.525950E-01  9.127364E-01

 ANGLES BETWEEN PRINCIPAL AXES AND ORIGINAL AXES (DEGREES)
         X             Y             Z
 A     46.172739    135.369964     96.796593
 B     46.268177     52.581331     66.981213
 C    101.909779    110.646117     24.113718


 POINT   ATOM  MASS NO  NUCLEAR G FACTOR
    3    3 O      17      -0.7575220

 TENSOR IN ORIGINAL CARTESIAN AXES
 XX -1.632686E-03 YY -1.989972E-03 ZZ  3.622657E-03 XY -6.385089E-04 XZ -7.055436E-04 YZ -4.347000E-04

 TENSOR IN PRINCIPAL AXIS SYSTEM
 AA -1.165390E-03 BB -2.571746E-03 CC  3.737136E-03

 PRINCIPAL AXES
         X             Y             Z
 A  7.746232E-01 -6.298525E-01  5.696132E-02
 B  6.203795E-01  7.742771E-01  1.249972E-01
 C -1.228336E-01 -6.148810E-02  9.905206E-01

 ANGLES BETWEEN PRINCIPAL AXES AND ORIGINAL AXES (DEGREES)
         X             Y             Z
 A     39.229113    129.039245     86.734589
 B     51.656147     39.260465     82.819406
 C     97.055669     93.525232      7.895346


 POINT   ATOM  MASS NO  NUCLEAR G FACTOR
    4    4 O      17      -0.7575220

 TENSOR IN ORIGINAL CARTESIAN AXES
 XX -1.994256E-04 YY -6.861056E-04 ZZ  8.855312E-04 XY  2.312498E-04 XZ -3.590010E-04 YZ  3.866160E-04

 TENSOR IN PRINCIPAL AXIS SYSTEM
 AA -1.329728E-04 BB -9.163194E-04 CC  1.049292E-03

 PRINCIPAL AXES
         X             Y             Z
 A  8.773272E-01  4.606995E-01  1.343613E-01
 B -4.151210E-01  8.690339E-01 -2.691740E-01
 C -2.407728E-01  1.803774E-01  9.536731E-01

 ANGLES BETWEEN PRINCIPAL AXES AND ORIGINAL AXES (DEGREES)
         X             Y             Z
 A     28.678395     62.567744     82.278312
 B    114.526937     29.653433    105.615119
 C    103.932158     79.608255     17.508349


 POINT   ATOM  MASS NO  NUCLEAR G FACTOR
    5    5 O      17      -0.7575220

 TENSOR IN ORIGINAL CARTESIAN AXES
 XX  3.689262E-03 YY -6.441969E-04 ZZ -3.045066E-03 XY -3.004741E-03 XZ -4.494485E-03 YZ -8.825367E-03

 TENSOR IN PRINCIPAL AXIS SYSTEM
 AA  5.226937E-03 BB  7.299873E-03 CC -1.252681E-02

 PRINCIPAL AXES
         X             Y             Z
 A  8.925896E-01 -4.508526E-01 -3.964124E-03
 B  3.232245E-01  6.459942E-01 -6.915327E-01
 C  3.143401E-01  6.159736E-01  7.223343E-01

 ANGLES BETWEEN PRINCIPAL AXES AND ORIGINAL AXES (DEGREES)
         X             Y             Z
 A     26.799518    116.798399     90.227128
 B     71.141958     49.759743    133.751555
 C     71.679019     51.977304     43.752457


 POINT   ATOM  MASS NO  NUCLEAR G FACTOR
    6    6 O      17      -0.7575220

 TENSOR IN ORIGINAL CARTESIAN AXES
 XX  4.672811E-04 YY -1.108594E-03 ZZ  6.413128E-04 XY -1.083304E-05 XZ -4.828675E-05 YZ -3.291043E-05

 TENSOR IN PRINCIPAL AXIS SYSTEM
 AA  4.550051E-04 BB -1.109300E-03 CC  6.542950E-04

 PRINCIPAL AXES
         X             Y             Z
 A  9.684576E-01 -1.194838E-02  2.488917E-01
 B  7.451220E-03  9.997917E-01  1.900303E-02
 C -2.490669E-01 -1.654909E-02  9.683449E-01

 ANGLES BETWEEN PRINCIPAL AXES AND ORIGINAL AXES (DEGREES)
         X             Y             Z
 A     14.428894     90.684608     75.588063
 B     89.573073      1.169583     88.911141
 C    104.422301     90.948236     14.454794


 POINT   ATOM  MASS NO  NUCLEAR G FACTOR
    7    7 O      17      -0.7575220

 TENSOR IN ORIGINAL CARTESIAN AXES
 XX  2.448423E-03 YY -4.789688E-04 ZZ -1.969454E-03 XY -2.607901E-04 XZ -1.958597E-03 YZ -2.153339E-03

 TENSOR IN PRINCIPAL AXIS SYSTEM
 AA  3.281275E-03 BB  7.082728E-04 CC -3.989547E-03

 PRINCIPAL AXES
         X             Y             Z
 A  8.986271E-01  1.694201E-01 -4.046804E-01
 B -3.472758E-01  8.383640E-01 -4.201729E-01
 C  2.680838E-01  5.181144E-01  8.122121E-01

 ANGLES BETWEEN PRINCIPAL AXES AND ORIGINAL AXES (DEGREES)
         X             Y             Z
 A     26.021817     80.245894    113.871101
 B    110.320783     33.032233    114.845502
 C     74.449729     58.794144     35.687372


 POINT   ATOM  MASS NO  NUCLEAR G FACTOR
    8    8 O      17      -0.7575220

 TENSOR IN ORIGINAL CARTESIAN AXES
 XX -3.474777E-02 YY  1.768842E-02 ZZ  1.705935E-02 XY  7.168363E-03 XZ -1.123423E-02 YZ  1.894581E-03

 TENSOR IN PRINCIPAL AXIS SYSTEM
 AA -3.806226E-02 BB  1.849696E-02 CC  1.956531E-02

 PRINCIPAL AXES
         X             Y             Z
 A  9.704327E-01 -1.316522E-01  2.023070E-01
 B  2.004163E-01  9.065848E-01 -3.713992E-01
 C -1.345129E-01  4.009636E-01  9.061647E-01

 ANGLES BETWEEN PRINCIPAL AXES AND ORIGINAL AXES (DEGREES)
         X             Y             Z
 A     13.967531     97.565078     78.328099
 B     78.438694     24.962424    111.801936
 C     97.730457     66.361571     25.019390


 POINT   ATOM  MASS NO  NUCLEAR G FACTOR
    9    9 O      17      -0.7575220

 TENSOR IN ORIGINAL CARTESIAN AXES
 XX -1.482204E-03 YY  4.667260E-04 ZZ  1.015478E-03 XY  1.365252E-04 XZ  7.105818E-04 YZ -5.355582E-04

 TENSOR IN PRINCIPAL AXIS SYSTEM
 AA -1.704802E-03 BB  2.577546E-04 CC  1.447048E-03

 PRINCIPAL AXES
         X             Y             Z
 A  9.532081E-01 -1.275305E-01 -2.740990E-01
 B  2.346185E-01  8.838480E-01  4.046811E-01
 C  1.906527E-01 -4.500540E-01  8.724121E-01

 ANGLES BETWEEN PRINCIPAL AXES AND ORIGINAL AXES (DEGREES)
         X             Y             Z
 A     17.596693     97.326910    105.908328
 B     76.430866     27.889906     66.128855
 C     79.009122    116.747149     29.259833


 POINT   ATOM  MASS NO  NUCLEAR G FACTOR
   10   10 O      17      -0.7575220

 TENSOR IN ORIGINAL CARTESIAN AXES
 XX  2.267317E-02 YY  1.827130E-02 ZZ -4.094447E-02 XY  3.021549E-02 XZ  5.136953E-02 YZ -5.719549E-02

 TENSOR IN PRINCIPAL AXIS SYSTEM
 AA  5.049740E-02 BB  5.331859E-02 CC -1.038160E-01

 PRINCIPAL AXES
         X             Y             Z
 A  8.633669E-01  4.659766E-01  1.935546E-01
 B -2.700998E-01  7.508157E-01 -6.027618E-01
 C -4.261967E-01  4.681256E-01  7.740897E-01

 ANGLES BETWEEN PRINCIPAL AXES AND ORIGINAL AXES (DEGREES)
         X             Y             Z
 A     30.303250     62.226557     78.839702
 B    105.670207     41.338910    127.067955
 C    115.226434     62.087309     39.277428


 POINT   ATOM  MASS NO  NUCLEAR G FACTOR
   11   11 O      17      -0.7575220

 TENSOR IN ORIGINAL CARTESIAN AXES
 XX  5.960305E-04 YY -3.148314E-03 ZZ  2.552284E-03 XY -1.322316E-03 XZ  9.323563E-04 YZ -1.715890E-04

 TENSOR IN PRINCIPAL AXIS SYSTEM
 AA  5.703294E-04 BB -3.570578E-03 CC  3.000248E-03

 PRINCIPAL AXES
         X             Y             Z
 A  8.575535E-01 -2.851844E-01 -4.281026E-01
 B  3.064956E-01  9.516619E-01 -2.000181E-02
 C  4.131132E-01 -1.140589E-01  9.035088E-01

 ANGLES BETWEEN PRINCIPAL AXES AND ORIGINAL AXES (DEGREES)
         X             Y             Z
 A     30.957011    106.569873    115.347208
 B     72.151837     17.887410     91.146096
 C     65.599450     96.549348     25.376819


 POINT   ATOM  MASS NO  NUCLEAR G FACTOR
   12   12 O      17      -0.7575220

 TENSOR IN ORIGINAL CARTESIAN AXES
 XX  2.544352E-03 YY  1.237622E-04 ZZ -2.668114E-03 XY -1.228031E-03 XZ  3.377726E-03 YZ -1.980492E-03

 TENSOR IN PRINCIPAL AXIS SYSTEM
 AA  5.027785E-03 BB -3.495410E-04 CC -4.678244E-03

 PRINCIPAL AXES
         X             Y             Z
 A  8.049582E-01 -3.841775E-01  4.521614E-01
 B  4.643856E-01  8.822706E-01 -7.710180E-02
 C -3.693079E-01  2.720410E-01  8.885974E-01

 ANGLES BETWEEN PRINCIPAL AXES AND ORIGINAL AXES (DEGREES)
         X             Y             Z
 A     36.393784    112.592690     63.117556
 B     62.329534     28.082516     94.421996
 C    111.672942     74.214247     27.302477


 POINT   ATOM  MASS NO  NUCLEAR G FACTOR
   13   13 O      17      -0.7575220

 TENSOR IN ORIGINAL CARTESIAN AXES
 XX -2.683777E-03 YY  3.018373E-04 ZZ  2.381940E-03 XY  1.216275E-05 XZ  1.773735E-04 YZ  9.602777E-04

 TENSOR IN PRINCIPAL AXIS SYSTEM
 AA -2.690143E-03 BB -7.259935E-05 CC  2.762743E-03

 PRINCIPAL AXES
         X             Y             Z
 A  9.993087E-01  7.616555E-03 -3.638840E-02
 B -2.031792E-02  9.315728E-01 -3.629866E-01
 C  3.113374E-02  3.634750E-01  9.310836E-01

 ANGLES BETWEEN PRINCIPAL AXES AND ORIGINAL AXES (DEGREES)
         X             Y             Z
 A      2.130575     89.563599     92.085362
 B     91.164211     21.318667    111.283725
 C     88.215880     68.686240     21.395639


 POINT   ATOM  MASS NO  NUCLEAR G FACTOR
   14   14 O      17      -0.7575220

 TENSOR IN ORIGINAL CARTESIAN AXES
 XX  7.850063E-05 YY -4.455298E-04 ZZ  3.670291E-04 XY -1.426111E-03 XZ  1.214057E-03 YZ  1.453736E-03

 TENSOR IN PRINCIPAL AXIS SYSTEM
 AA  1.266450E-03 BB -2.775149E-03 CC  1.508699E-03

 PRINCIPAL AXES
         X             Y             Z
 A  7.653873E-01 -6.435318E-01 -7.006785E-03
 B  5.483892E-01  6.578499E-01 -5.162391E-01
 C  3.368257E-01  3.912804E-01  8.564159E-01

 ANGLES BETWEEN PRINCIPAL AXES AND ORIGINAL AXES (DEGREES)
         X             Y             Z
 A     40.058541    130.055686     90.401462
 B     56.743422     48.863903    121.080313
 C     70.316404     66.965808     31.083494


 POINT   ATOM  MASS NO  NUCLEAR G FACTOR
   15   15 O      17      -0.7575220

 TENSOR IN ORIGINAL CARTESIAN AXES
 XX -1.107081E-03 YY  7.701326E-05 ZZ  1.030068E-03 XY  6.429083E-05 XZ -9.104816E-05 YZ  1.397811E-03

 TENSOR IN PRINCIPAL AXIS SYSTEM
 AA -1.155266E-03 BB -8.755074E-04 CC  2.030774E-03

 PRINCIPAL AXES
         X             Y             Z
 A  9.105929E-01 -3.299090E-01  2.489592E-01
 B  4.131392E-01  7.435977E-01 -5.257171E-01
 C -1.168664E-02  5.815691E-01  8.134131E-01

 ANGLES BETWEEN PRINCIPAL AXES AND ORIGINAL AXES (DEGREES)
         X             Y             Z
 A     24.412587    109.263252     75.584071
 B     65.597810     41.961211    121.716533
 C     90.669610     54.439021     35.569248


 POINT   ATOM  MASS NO  NUCLEAR G FACTOR
   16   16 O      17      -0.7575220

 TENSOR IN ORIGINAL CARTESIAN AXES
 XX -1.675439E-03 YY  7.675239E-04 ZZ  9.079149E-04 XY -4.079291E-03 XZ  4.549043E-03 YZ  3.195331E-03

 TENSOR IN PRINCIPAL AXIS SYSTEM
 AA -8.129789E-03 BB  3.773878E-03 CC  4.355911E-03

 PRINCIPAL AXES
         X             Y             Z
 A  6.872666E-01  5.032347E-01 -5.238506E-01
 B -4.796618E-01  8.559674E-01  1.929880E-01
 C  5.455173E-01  1.186369E-01  8.296603E-01

 ANGLES BETWEEN PRINCIPAL AXES AND ORIGINAL AXES (DEGREES)
         X             Y             Z
 A     46.585873     59.785764    121.590898
 B    118.663317     31.133228     78.872786
 C     56.939979     83.186560     33.936144


 POINT   ATOM  MASS NO  NUCLEAR G FACTOR
   17   17 O      17      -0.7575220

 TENSOR IN ORIGINAL CARTESIAN AXES
 XX -3.233671E-02 YY  2.719345E-02 ZZ  5.143264E-03 XY  1.232591E-02 XZ -4.063720E-02 YZ  9.921094E-03

 TENSOR IN PRINCIPAL AXIS SYSTEM
 AA -6.114859E-02 BB  2.879246E-02 CC  3.235614E-02

 PRINCIPAL AXES
         X             Y             Z
 A  8.274417E-01 -1.753590E-01  5.334692E-01
 B  4.348648E-01  8.011546E-01 -4.111495E-01
 C -3.552926E-01  5.721892E-01  7.391662E-01

 ANGLES BETWEEN PRINCIPAL AXES AND ORIGINAL AXES (DEGREES)
         X             Y             Z
 A     34.163168    100.099549     57.759843
 B     64.223310     36.759499    114.277066
 C    110.811376     55.096971     42.339563


 POINT   ATOM  MASS NO  NUCLEAR G FACTOR
   18   18 O      17      -0.7575220

 TENSOR IN ORIGINAL CARTESIAN AXES
 XX -1.535198E-03 YY  7.646022E-04 ZZ  7.705960E-04 XY -4.739131E-05 XZ -8.640544E-05 YZ -5.403215E-04

 TENSOR IN PRINCIPAL AXIS SYSTEM
 AA -1.540525E-03 BB  2.323231E-04 CC  1.308202E-03

 PRINCIPAL AXES
         X             Y             Z
 A  9.985257E-01  3.097686E-02  4.457383E-02
 B -5.338455E-02  7.090279E-01  7.031568E-01
 C -9.822496E-03 -7.044997E-01  7.096363E-01

 ANGLES BETWEEN PRINCIPAL AXES AND ORIGINAL AXES (DEGREES)
         X             Y             Z
 A      3.111583     88.224873     87.445261
 B     93.060164     44.844122     45.319171
 C     90.562797    134.789142     44.794670


 POINT   ATOM  MASS NO  NUCLEAR G FACTOR
   19   19 O      17      -0.7575220

 TENSOR IN ORIGINAL CARTESIAN AXES
 XX -6.805363E-03 YY  3.033184E-03 ZZ  3.772179E-03 XY -1.216943E-03 XZ -2.759324E-04 YZ  2.617707E-03

 TENSOR IN PRINCIPAL AXIS SYSTEM
 AA -6.953835E-03 BB  8.285467E-04 CC  6.125288E-03

 PRINCIPAL AXES
         X             Y             Z
 A  9.925141E-01  1.220556E-01 -4.254995E-03
 B -9.380884E-02  7.395867E-01 -6.664918E-01
 C -7.820210E-02  6.619017E-01  7.455002E-01

 ANGLES BETWEEN PRINCIPAL AXES AND ORIGINAL AXES (DEGREES)
         X             Y             Z
 A      7.015031     82.989250     90.243794
 B     95.382765     42.303776    131.796876
 C     94.485230     48.554929     41.797920


 POINT   ATOM  MASS NO  NUCLEAR G FACTOR
   20   20 O      17      -0.7575220

 TENSOR IN ORIGINAL CARTESIAN AXES
 XX -9.347756E-03 YY  1.929217E-03 ZZ  7.418538E-03 XY -7.965969E-03 XZ -1.148519E-02 YZ -1.351293E-02

 TENSOR IN PRINCIPAL AXIS SYSTEM
 AA -2.285033E-02 BB  3.716030E-03 CC  1.913430E-02

 PRINCIPAL AXES
         X             Y             Z
 A  7.132675E-01  4.981618E-01  4.930358E-01
 B -6.796635E-01  6.634188E-01  3.129426E-01
 C -1.711931E-01 -5.583102E-01  8.117774E-01

 ANGLES BETWEEN PRINCIPAL AXES AND ORIGINAL AXES (DEGREES)
         X             Y             Z
 A     44.498609     60.121538     60.459688
 B    132.817351     48.438868     71.763342
 C     99.857197    123.939019     35.730043


 POINT   ATOM  MASS NO  NUCLEAR G FACTOR
   21   21 O      17      -0.7575220

 TENSOR IN ORIGINAL CARTESIAN AXES
 XX -1.399774E-02 YY -4.034965E-02 ZZ  5.434740E-02 XY  8.976811E-04 XZ -1.854357E-02 YZ -1.016516E-03

 TENSOR IN PRINCIPAL AXIS SYSTEM
 AA -1.868711E-02 BB -4.038202E-02 CC  5.906913E-02

 PRINCIPAL AXES
         X             Y             Z
 A  9.687552E-01  2.858381E-02  2.463662E-01
 B -3.069123E-02  9.995178E-01  4.717660E-03
 C -2.461125E-01 -1.213154E-02  9.691653E-01

 ANGLES BETWEEN PRINCIPAL AXES AND ORIGINAL AXES (DEGREES)
         X             Y             Z
 A     14.360307     88.362045     75.737414
 B     91.758754      1.779418     89.729697
 C    104.247591     90.695103     14.265256


 POINT   ATOM  MASS NO  NUCLEAR G FACTOR
   22   22 O      17      -0.7575220

 TENSOR IN ORIGINAL CARTESIAN AXES
 XX  1.709767E-02 YY  1.118924E-02 ZZ -2.828690E-02 XY  2.836874E-03 XZ  8.566777E-03 YZ -1.948637E-02

 TENSOR IN PRINCIPAL AXIS SYSTEM
 AA  1.818953E-02 BB  1.957318E-02 CC -3.776271E-02

 PRINCIPAL AXES
         X             Y             Z
 A  8.380273E-01  5.408193E-01 -7.228209E-02
 B -5.210398E-01  7.538885E-01 -4.002121E-01
 C -1.619498E-01  3.730505E-01  9.135675E-01

 ANGLES BETWEEN PRINCIPAL AXES AND ORIGINAL AXES (DEGREES)
         X             Y             Z
 A     33.067606     57.260572     94.145074
 B    121.402024     41.071658    113.591438
 C     99.320086     68.096126     23.996894


 POINT   ATOM  MASS NO  NUCLEAR G FACTOR
   23   23 O      17      -0.7575220

 TENSOR IN ORIGINAL CARTESIAN AXES
 XX  7.397230E-03 YY  7.176349E-03 ZZ -1.457358E-02 XY  3.357362E-02 XZ -2.454228E-02 YZ -2.628393E-02

 TENSOR IN PRINCIPAL AXIS SYSTEM
 AA  5.853169E-02 BB -2.607333E-02 CC -3.245836E-02

 PRINCIPAL AXES
         X             Y             Z
 A  6.308324E-01  6.382405E-01 -4.412478E-01
 B -7.556759E-01  6.344112E-01 -1.627156E-01
 C  1.760808E-01  4.360866E-01  8.825101E-01

 ANGLES BETWEEN PRINCIPAL AXES AND ORIGINAL AXES (DEGREES)
         X             Y             Z
 A     50.888439     50.339260    116.183522
 B    139.084462     50.623672     99.364558
 C     79.858438     64.145543     28.053351


 POINT   ATOM  MASS NO  NUCLEAR G FACTOR
   24   24 O      17      -0.7575220

 TENSOR IN ORIGINAL CARTESIAN AXES
 XX  1.392338E-02 YY  1.227362E-03 ZZ -1.515074E-02 XY  2.457063E-02 XZ  1.131907E-02 YZ  1.196174E-02

 TENSOR IN PRINCIPAL AXIS SYSTEM
 AA  3.795066E-02 BB -1.629453E-02 CC -2.165613E-02

 PRINCIPAL AXES
         X             Y             Z
 A  7.475627E-01  5.957955E-01  2.935604E-01
 B -6.504265E-01  5.671697E-01  5.052364E-01
 C  1.345191E-01 -5.686354E-01  8.115161E-01

 ANGLES BETWEEN PRINCIPAL AXES AND ORIGINAL AXES (DEGREES)
         X             Y             Z
 A     41.620309     53.430636     72.928769
 B    130.573765     55.446902     59.652950
 C     82.269190    124.655121     35.755672


 POINT   ATOM  MASS NO  NUCLEAR G FACTOR
   25   25 O      17      -0.7575220

 TENSOR IN ORIGINAL CARTESIAN AXES
 XX -1.936186E-03 YY  2.549267E-02 ZZ -2.355648E-02 XY -2.615477E-03 XZ  3.900026E-02 YZ -1.840134E-03

 TENSOR IN PRINCIPAL AXIS SYSTEM
 AA  2.999354E-02 BB  2.322370E-02 CC -5.321724E-02

 PRINCIPAL AXES
         X             Y             Z
 A  6.494966E-01 -5.789507E-01  4.929202E-01
 B  4.600573E-01  8.153612E-01  3.514732E-01
 C -6.053936E-01 -1.509143E-03  7.959248E-01

 ANGLES BETWEEN PRINCIPAL AXES AND ORIGINAL AXES (DEGREES)
         X             Y             Z
 A     49.496342    125.376773     60.467304
 B     62.609194     35.376911     69.422549
 C    127.257172     90.086468     37.257307


 POINT   ATOM  MASS NO  NUCLEAR G FACTOR
   26   26 O      17      -0.7575220

 TENSOR IN ORIGINAL CARTESIAN AXES
 XX -1.861210E-03 YY  4.646635E-04 ZZ  1.396546E-03 XY -3.095078E-04 XZ  4.116433E-04 YZ  7.257431E-04

 TENSOR IN PRINCIPAL AXIS SYSTEM
 AA -1.980569E-03 BB  1.747269E-04 CC  1.805842E-03

 PRINCIPAL AXES
         X             Y             Z
 A  9.733165E-01  1.692028E-01 -1.550012E-01
 B -2.214826E-01  8.693600E-01 -4.417677E-01
 C  6.000354E-02  4.643099E-01  8.836379E-01

 ANGLES BETWEEN PRINCIPAL AXES AND ORIGINAL AXES (DEGREES)
         X             Y             Z
 A     13.265674     80.258531     98.916867
 B    102.796126     29.615650    116.216722
 C     86.559984     62.334433     27.915637


 POINT   ATOM  MASS NO  NUCLEAR G FACTOR
   27   27 O      17      -0.7575220

 TENSOR IN ORIGINAL CARTESIAN AXES
 XX  6.577093E-02 YY  1.643109E-02 ZZ -8.220202E-02 XY  2.376622E-02 XZ -3.773241E-02 YZ  9.928499E-02

 TENSOR IN PRINCIPAL AXIS SYSTEM
 AA  7.483531E-02 BB  7.800469E-02 CC -1.528400E-01

 PRINCIPAL AXES
         X             Y             Z
 A  9.749319E-01  2.001119E-02 -2.216016E-01
 B  9.778475E-02  8.560802E-01  5.075084E-01
 C  1.998646E-01 -5.164554E-01  8.326632E-01

 ANGLES BETWEEN PRINCIPAL AXES AND ORIGINAL AXES (DEGREES)
         X             Y             Z
 A     12.856104     88.853367    102.803118
 B     84.388379     31.120722     59.501990
 C     78.470961    121.094788     33.626712


 POINT   ATOM  MASS NO  NUCLEAR G FACTOR
   28   28 O      17      -0.7575220

 TENSOR IN ORIGINAL CARTESIAN AXES
 XX -5.693750E-03 YY -8.382987E-03 ZZ  1.407674E-02 XY  5.219724E-03 XZ -6.086377E-03 YZ  8.489936E-03

 TENSOR IN PRINCIPAL AXIS SYSTEM
 AA -1.654129E-03 BB -1.604719E-02 CC  1.770131E-02

 PRINCIPAL AXES
         X             Y             Z
 A  7.991830E-01  6.008982E-01 -1.509502E-02
 B -5.717642E-01  7.522079E-01 -3.275194E-01
 C -1.854512E-01  2.703788E-01  9.447239E-01

 ANGLES BETWEEN PRINCIPAL AXES AND ORIGINAL AXES (DEGREES)
         X             Y             Z
 A     36.947844     53.065746     90.864914
 B    124.873344     41.218006    109.118284
 C    100.687442     74.313194     19.139368


 POINT   ATOM  MASS NO  NUCLEAR G FACTOR
   29   29 O      17      -0.7575220

 TENSOR IN ORIGINAL CARTESIAN AXES
 XX -6.186441E-04 YY -1.669083E-03 ZZ  2.287727E-03 XY  2.355214E-04 XZ  2.682893E-04 YZ -5.096402E-04

 TENSOR IN PRINCIPAL AXIS SYSTEM
 AA -5.759960E-04 BB -1.795144E-03 CC  2.371140E-03

 PRINCIPAL AXES
         X             Y             Z
 A  9.713451E-01  2.324326E-01 -4.963624E-02
 B -2.240431E-01  9.651562E-01  1.351967E-01
 C  7.933086E-02 -1.202020E-01  9.895747E-01

 ANGLES BETWEEN PRINCIPAL AXES AND ORIGINAL AXES (DEGREES)
         X             Y             Z
 A     13.749268     76.559666     92.845116
 B    102.946614     15.169435     82.230004
 C     85.449895     96.903762      8.280564


 POINT   ATOM  MASS NO  NUCLEAR G FACTOR
   30   30 O      17      -0.7575220

 TENSOR IN ORIGINAL CARTESIAN AXES
