
         
 *******************************************************************************
 *                                                                             *
 *                                CRYSTAL09                                    *
 *                              public : 2.0                                   *
 *                      December 10th, 2012 - sequential executable            *
 *                                                                             *
 *                                                                             *
 *                                                                             *
 *                              MAIN AUTHORS                                   *
 *                                                                             *
 *    R. DOVESI(1,10), V.R. SAUNDERS(2), C. ROETTI(1,10), R. ORLANDO (1,3),    *
 *  C.M. ZICOVICH-WILSON(1,4), F. PASCALE(5), B. CIVALLERI(1,10), K. DOLL(6),  *
 *       N.M. HARRISON(2,7), I. J. BUSH(2), Ph. D'ARCO(8), M. LLUNELL(9)       *
 *                                                                             *
 * (1) THEORETICAL CHEMISTRY GROUP - UNIVERSITA' DI TORINO - TORINO (ITALY)    *
 *      http://www.crystal.unito.it                                            *
 * (2) COMPUTATIONAL SCIENCE & ENGINEERING DEPARTMENT - CCLRC DARESBURY (UK)   *
 *     http://www.cse.clrc.ac.uk/cmg/CRYSTAL/                                  *
 * (3) UNIVERSITA' DEL PIEMONTE ORIENTALE - ALESSANDRIA (ITALY)                *
 * (4) UNIVERSIDAD AUTONOMA DEL ESTADO DE MORELOS - CUERNAVACA (MEXICO)        *
 * (5) UNIVERSITE' HENRI POINCARE' - NANCY (FRANCE)                            *
 * (6) MPI FUER FESTKOERPERFORSCHUNG - STUTTGART (GERMANY)                     *
 * (7) IMPERIAL COLLEGE - LONDON (UK)                                          *
 * (8) UNIVERSITE' PIERRE ET MARIE CURIE - PARIS (FRANCE)                      *
 * (9) UNIVERSIDAD DE BARCELONA - BARCELONA (SPAIN)                            *
 *(10) NIS - NANOSTRUCTURED INTERFACES AND SURFACES - TORINO (ITALY)           *
 *     http://www.crystal.unito.it                                             *
 *******************************************************************************
 EEEEEEEEEE STARTING  DATE 12 05 2015 TIME 14:59:43.6

 *******************************************************************************
 Created with astools                                                            
 CRYSTAL - PROPERTIES - TYPE OF CALCULATION :  UNRESTRICTED OPEN SHELL
 *******************************************************************************
 SPIN POLARIZED SYSTEM: SUMMED SPIN DENSITY    0.00000000

 KOHN-SHAM HAMILTONIAN

 (EXCHANGE)[CORRELATION] FUNCTIONAL:(BECKE)[LEE-YANG-PARR]

 NON-LOCAL WEIGHTING FACTOR (EXCHANGE) =           0.9000
 NON-LOCAL WEIGHTING FACTOR [CORRELATION] =        0.8100

 HYBRID EXCHANGE - PERCENTAGE OF FOCK EXCHANGE     5.0000

 SPIN POLARIZED DFT SELECTED

 DIRECT LATTICE VECTOR COMPONENTS (ANGSTROM)
        10.85300    0.00000    0.00000
         0.00000   10.63950    0.00000
         0.00000    0.00000   21.18410

 LATTICE PARAMETERS  (ANGSTROM AND DEGREES) - PRIMITIVE CELL
       A          B          C         ALPHA      BETA     GAMMA        VOLUME
   10.85300   10.63950   21.18410     47.6259   47.6259   47.6259    2446.13848
 *******************************************************************************
 N. OF ATOMS PER CELL      148  COULOMB OVERLAP TOL         (T1) 10** -8
 NUMBER OF SHELLS          776  COULOMB PENETRATION TOL     (T2) 10** -8
 NUMBER OF AO             2752  EXCHANGE OVERLAP TOL        (T3) 10** -8
 N. OF ELECTRONS PER CELL 1736  EXCHANGE PSEUDO OVP (F(G))  (T4) 10** -8
 CORE ELECTRONS PER CELL  1032  EXCHANGE PSEUDO OVP (P(G))  (T5) 10**-16
 N. OF SYMMETRY OPERATORS    1  POLE ORDER IN MONO ZONE                4
 *******************************************************************************
   ATOM N.AT.  SHELL    X(A)      Y(A)      Z(A)      EXAD       N.ELECT.
 *******************************************************************************
    1    8 O     4    -5.283     3.535    -8.588   1.900E-01       8.694
    2    8 O     4    -2.820     4.598    -9.630   1.900E-01       8.669
    3    8 O     4     1.706     0.533    -8.050   1.900E-01       8.616
    4    8 O     4    -5.003    -4.589    -9.182   1.900E-01       8.635
    5    8 O     4     0.048    -3.403    -7.272   1.900E-01       8.802
    6    8 O     4     3.564     3.342   -10.252   1.900E-01       8.661
    7    8 O     4    -0.947     1.012    -7.305   1.900E-01       8.611
    8    8 O     4     0.482     0.632   -10.526   1.900E-01       8.640
    9    8 O     4     5.392    -2.101    -7.982   1.900E-01       8.519
   10    8 O     4     0.222     4.394    -7.438   1.900E-01       8.662
   11    8 O     4     2.438    -2.041    -7.829   1.900E-01       8.692
   12    8 O     4    -3.511     4.771    -7.183   1.900E-01       8.644
   13    8 O     4     1.453    -3.938    -9.433   1.900E-01       8.581
   14    8 O     4    -0.488    -1.057    -8.840   1.900E-01       8.732
   15    8 O     4    -3.200    -2.739    -9.534   1.900E-01       8.727
   16    8 O     4     5.209    -2.151   -10.562   1.900E-01       8.801
   17    8 O     4     4.118     1.308    -8.542   1.900E-01       8.653
   18    8 O     4     2.803    -1.405    -4.578   1.900E-01       8.595
   19    8 O     4     2.922     3.591    -7.794   1.900E-01       8.655
   20    8 O     4     1.974     2.692    -3.003   1.900E-01       8.700
   21    8 O     4     2.244    -4.690    -6.944   1.900E-01       8.587
   22    8 O     4    -1.852     3.475    -0.552   1.900E-01       8.788
   23    8 O     4     3.840     1.003    -4.029   1.900E-01       8.644
   24    8 O     4    -3.463     2.181    -6.471   1.900E-01       8.640
   25    8 O     4     1.504    -3.208    -2.280   1.900E-01       8.593
   26    8 O     4    -1.747     1.321    -4.835   1.900E-01       8.627
   27    8 O     4     5.318     5.313    -2.899   1.900E-01       8.662
   28    8 O     4     1.547     5.309    -3.873   1.900E-01       8.650
   29    8 O     4     0.621    -0.880    -6.258   1.900E-01       8.755
   30    8 O     4    -0.762    -1.252     0.124   1.900E-01       8.648
   31    8 O     4    -1.489    -4.333    -5.586   1.900E-01       8.817
   32    8 O     4     5.396    -3.728    -4.873   1.900E-01       8.610
   33    8 O     4    -1.865    -1.625    -6.099   1.900E-01       8.532
   34    8 O     4     5.349    -0.448    -0.407   1.900E-01       8.705
   35    8 O     4    -5.075    -3.900     0.747   1.900E-01       8.628
   36    8 O     4    -5.300    -1.145    -4.614   1.900E-01       8.666
   37    8 O     4    -4.892    -2.203    -2.334   1.900E-01       8.616
   38    8 O     4    -1.231     1.496    -2.355   1.900E-01       8.819
   39    8 O     4    -5.187     4.375    -0.485   1.900E-01       8.585
   40    8 O     4    -3.288     2.568    -2.959   1.900E-01       8.687
   41    8 O     4     0.664    -0.046    -3.743   1.900E-01       8.581
   42    8 O     4     0.839     0.486    -1.072   1.900E-01       8.526
   43    8 O     4     3.332    -4.994    -1.327   1.900E-01       8.606
   44    8 O     4    -0.769    -4.340    -3.244   1.900E-01       8.664
   45    8 O     4    -3.609     1.421    -0.578   1.900E-01       8.818
   46    8 O     4     1.709     3.454    -5.554   1.900E-01       8.594
   47    8 O     4    -0.395     3.439    -3.762   1.900E-01       8.659
   48    8 O     4     3.886    -0.051    -6.463   1.900E-01       8.628
   49    8 O     4    -5.144     4.125    -5.279   1.900E-01       8.578
   50    8 O     4    -2.507     4.080    -4.813   1.900E-01       8.831
   51    8 O     4    -3.164    -3.261    -3.974   1.900E-01       8.613
   52    8 O     4    -2.741     5.203    -2.577   1.900E-01       8.586
   53    8 O     4     0.501    -2.719    -4.685   1.900E-01       8.875
   54    8 O     4    -0.733    -4.805    -0.701   1.900E-01       8.614
   55    8 O     4     3.525    -2.296    -0.794   1.900E-01       8.790
   56    8 O     4     4.420     3.039    -2.386   1.900E-01       8.728
   57   14 SI    6     0.196     0.136     0.444   6.000E-01      13.404
   58   14 SI    6     3.196     3.060     0.451   6.000E-01      13.883
   59   14 SI    6     1.844     4.426     1.878   6.000E-01      14.018
   60   14 SI    6     4.671     1.854     1.900   6.000E-01      14.056
   61   14 SI    6     0.549     3.192     3.462   6.000E-01      14.088
   62   14 SI    6     3.202     0.568     3.255   6.000E-01      14.002
   63   14 SI    6     1.925     1.864     4.799   6.000E-01      13.986
   64   14 SI    6     4.461     4.454     4.778   6.000E-01      13.990
   65   14 SI    6     0.043    -4.965     0.813   6.000E-01      13.601
   66   14 SI    6     2.805    -2.655     0.836   6.000E-01      13.683
   67   14 SI    6     1.848    -0.788     1.862   6.000E-01      14.082
   68   14 SI    6     4.703    -3.391     1.953   6.000E-01      13.652
   69   14 SI    6     0.524    -2.022     3.403   6.000E-01      14.028
   70   14 SI    6     3.287    -4.863     3.214   6.000E-01      14.050
   71   14 SI    6     1.920    -3.485     4.626   6.000E-01      13.995
   72   14 SI    6     4.498    -0.759     4.721   6.000E-01      14.001
   73   14 SI    6    -4.598     0.416     0.648   6.000E-01      13.313
   74   14 SI    6    -1.403     3.749     1.272   6.000E-01      13.931
   75   14 SI    6    -3.416     4.373     2.288   6.000E-01      14.069
   76   14 SI    6    -0.658     1.701     2.062   6.000E-01      14.007
   77   14 SI    6    -4.951     3.094     3.476   6.000E-01      14.007
   78   14 SI    6    -2.212     0.482     3.378   6.000E-01      14.029
   79   14 SI    6    -3.538     1.824     4.812   6.000E-01      13.986
   80   14 SI    6    -0.877     4.522     4.810   6.000E-01      13.987
   81   14 SI    6    -4.195    -5.251     0.388   6.000E-01      13.298
   82   14 SI    6    -1.344    -1.858    -1.338   6.000E-01      13.393
   83   14 SI    6    -3.260    -1.080     1.983   6.000E-01      13.952
   84   14 SI    6    -0.957    -3.358     2.224   6.000E-01      13.846
   85   14 SI    6    -4.896    -2.028     3.381   6.000E-01      14.064
   86   14 SI    6    -2.273    -4.702     3.568   6.000E-01      14.042
   87   14 SI    6    -3.639    -3.347     4.855   6.000E-01      14.004
   88   14 SI    6    -0.867    -0.767     4.854   6.000E-01      13.990
   89   14 SI    6     0.524     0.584     6.184   6.000E-01      13.985
   90   14 SI    6     3.167     3.159     6.310   6.000E-01      14.013
   91   14 SI    6     0.546    -4.756     6.065   6.000E-01      13.997
   92   14 SI    6     3.169    -2.126     6.105   6.000E-01      13.981
   93   14 SI    6    -4.967     0.530     6.129   6.000E-01      13.997
   94   14 SI    6    -2.226     3.214     6.199   6.000E-01      13.966
   95   14 SI    6    -5.046    -4.755     6.058   6.000E-01      14.004
   96   14 SI    6    -2.253    -2.102     6.282   6.000E-01      13.983
   97   14 SI    6     1.722     4.553     7.616   6.000E-01      14.019
   98   14 SI    6     4.569     1.790     7.653   6.000E-01      14.029
   99   14 SI    6     0.280     3.397     9.143   6.000E-01      14.052
  100   14 SI    6     3.368     0.256     9.093   6.000E-01      14.144
  101   14 SI    6     1.560     1.572     9.868   6.000E-01      13.373
  102   14 SI    6     4.366     4.201     9.771   6.000E-01      13.480
  103   14 SI    6     1.854    -0.802     7.563   6.000E-01      14.052
  104   14 SI    6     4.522    -3.438     7.514   6.000E-01      14.037
  105   14 SI    6     0.504    -2.142     8.986   6.000E-01      14.009
  106   14 SI    6     3.120    -4.681     8.916   6.000E-01      14.078
  107   14 SI    6     2.096    -3.138    10.414   6.000E-01      13.638
  108   14 SI    6     3.631    -1.327   -10.096   6.000E-01      13.535
  109   14 SI    6    -3.668     4.621     7.421   6.000E-01      14.013
  110   14 SI    6    -0.814     1.931     7.578   6.000E-01      14.069
  111   14 SI    6    -4.695     3.087     8.860   6.000E-01      14.124
  112   14 SI    6    -2.168     0.592     8.904   6.000E-01      14.026
  113   14 SI    6    -3.295     1.962    10.390   6.000E-01      13.963
  114   14 SI    6    -2.020     3.948    10.191   6.000E-01      13.652
  115   14 SI    6    -3.648    -0.690     7.622   6.000E-01      14.037
  116   14 SI    6    -0.775    -3.487     7.524   6.000E-01      14.013
  117   14 SI    6    -4.879    -2.236     8.955   6.000E-01      13.672
  118   14 SI    6    -2.242    -4.781     8.815   6.000E-01      14.032
  119   14 SI    6    -2.754    -2.710     9.870   6.000E-01      13.804
  120   14 SI    6    -0.690    -0.608    10.312   6.000E-01      13.597
  121   14 SI    6     4.060     2.906    -8.722   6.000E-01      12.658
  122   14 SI    6     0.247    -0.074    -7.655   6.000E-01      12.645
  123   14 SI    6     1.674    -3.434    -7.869   6.000E-01      12.892
  124   14 SI    6    -4.147     4.716    -8.690   6.000E-01      12.661
  125   14 SI    6     3.293    -0.104    -7.999   6.000E-01      12.860
  126   14 SI    6    -4.863    -2.933    -9.136   6.000E-01      12.921
  127   14 SI    6    -2.385    -1.010    -9.060   6.000E-01      13.342
  128   14 SI    6     3.316     1.747    -2.597   6.000E-01      13.036
  129   14 SI    6    -2.248     5.197    -1.039   6.000E-01      13.041
  130   14 SI    6     4.102    -0.386    -4.896   6.000E-01      12.714
  131   14 SI    6    -2.323     0.907    -6.337   6.000E-01      12.920
  132   14 SI    6     0.747    -3.975    -3.478   6.000E-01      12.743
  133   14 SI    6    -0.853    -2.816    -5.962   6.000E-01      12.829
  134   14 SI    6    -4.695    -2.583    -3.948   6.000E-01      12.694
  135   14 SI    6     3.195    -3.453    -2.085   6.000E-01      13.206
  136   14 SI    6    -1.826     2.599    -3.804   6.000E-01      12.649
  137   14 SI    6    -1.830     1.695    -0.656   6.000E-01      13.122
  138   14 SI    6     4.536     4.548    -1.663   6.000E-01      12.889
  139   14 SI    6     1.196     3.674    -4.028   6.000E-01      12.735
  140   14 SI    6     1.239    -1.138    -4.803   6.000E-01      12.663
  141   14 SI    6    -4.432     1.600    -2.272   6.000E-01      13.106
  142   14 SI    6    -3.704     3.721    -5.934   6.000E-01      12.806
  143   14 SI    6    -0.997    -5.134    -7.652   6.000E-01      13.033
  144   14 SI    6    -0.182     0.075    -2.332   6.000E-01      13.276
  145   14 SI    6     1.798     4.347    -6.919   6.000E-01      12.719
  146   14 SI    6     4.696    -1.216    -1.722   6.000E-01      13.114
  147   14 SI    6     4.926    -5.263    -4.487   6.000E-01      13.084
  148   14 SI    6    -2.207    -4.651    -3.988   6.000E-01      12.589
 *******************************************************************************
 DE(K)                   0.000E+00  ENERGY LEVEL SHIFTING        0.00000
 TOTAL ENERGY -3.0844384124334E+04  CONVERGENCE ON ENER       -1.642E-08
 KIN. ENERGY   3.0736422057323E+04  VIR. COEFF.           1.03675710E+00
 N. OF SCF CYCLES               67  FERMI ENERGY              -0.974E-01
 WEIGHT OF F(I) IN F(I+1)      95
 SHRINK. FACT.(MONKH.)     2  2  2  SHRINKING FACTOR(GILAT NET)        2
 NUMBER OF K POINTS IN THE IBZ   8  CELL VOLUME (A.U.)       16507.36094
 *******************************************************************************

 GCALCO - MAX INDICES DIRECT LATTICE VECTOR    18    19     9
 NO.OF VECTORS CREATED 6999 STARS 1060 RMAX   301.97758 BOHR

 DIMENSIONS  P(G)= 6420422 F(G)= 1144769 P(G),F(G) (IRR) 3218667
 MAX G-VECTOR INDEX FOR 1- AND 2-ELECTRON INTEGRALS  43


 CAPPA:IS1  2;IS2  2;IS3  2; K PTS MONK NET    8; SYMMOPS: K SPACE  2;G SPACE  1


 CAPPA:IS1  6;IS2  6;IS3  3; K PTS MONK NET   56; SYMMOPS: K SPACE  2;G SPACE  1

 *******************************************************************************
 RESTART WITH NEW K POINTS NET
 *******************************************************************************
 POINTS IN THE IBZ                  56 POINTS(GILAT NET)                56
 SHRINK FACTORS(MONK.)         6  6  3 SHRINK FACTOR(GILAT)              6
 *******************************************************************************
 *** K POINTS COORDINATES (OBLIQUE COORDINATES IN UNITS OF IS =  6)
   1-R(  0  0  0)   2-C(  1  0  0)   3-C(  2  0  0)   4-R(  3  0  0)
   5-C(  0  1  0)   6-C(  1  1  0)   7-C(  2  1  0)   8-C(  3  1  0)
   9-C(  4  1  0)  10-C(  5  1  0)  11-C(  0  2  0)  12-C(  1  2  0)
  13-C(  2  2  0)  14-C(  3  2  0)  15-C(  4  2  0)  16-C(  5  2  0)
  17-R(  0  3  0)  18-C(  1  3  0)  19-C(  2  3  0)  20-R(  3  3  0)
  21-C(  0  0  1)  22-C(  1  0  1)  23-C(  2  0  1)  24-C(  3  0  1)
  25-C(  4  0  1)  26-C(  5  0  1)  27-C(  0  1  1)  28-C(  1  1  1)
  29-C(  2  1  1)  30-C(  3  1  1)  31-C(  4  1  1)  32-C(  5  1  1)
  33-C(  0  2  1)  34-C(  1  2  1)  35-C(  2  2  1)  36-C(  3  2  1)
  37-C(  4  2  1)  38-C(  5  2  1)  39-C(  0  3  1)  40-C(  1  3  1)
  41-C(  2  3  1)  42-C(  3  3  1)  43-C(  4  3  1)  44-C(  5  3  1)
  45-C(  0  4  1)  46-C(  1  4  1)  47-C(  2  4  1)  48-C(  3  4  1)
  49-C(  4  4  1)  50-C(  5  4  1)  51-C(  0  5  1)  52-C(  1  5  1)
  53-C(  2  5  1)  54-C(  3  5  1)  55-C(  4  5  1)  56-C(  5  5  1)

 FERMI ENERGY AND DENSITY MATRIX CALCULATION ON COMPUTED EIGENVECTORS
 DENSITY MATRIX AT SCF CYCLE ( 67+1)


    ALPHA      ELECTRONS
 INSULATING STATE
 TOP OF VALENCE BANDS -    BAND    868; K    4; EIG -9.7374082E-02 AU
 TOP OF VALENCE BANDS -    BAND    868; K    1; EIG -9.9025867E-02 AU
 BOTTOM OF VIRTUAL BANDS - BAND    869; K   17; EIG -9.2713670E-02 AU
 BOTTOM OF VIRTUAL BANDS - BAND    869; K    1; EIG -9.0047412E-02 AU

    BETA       ELECTRONS
 INSULATING STATE
 TOP OF VALENCE BANDS -    BAND    868; K    4; EIG -9.7358286E-02 AU
 TOP OF VALENCE BANDS -    BAND    868; K    1; EIG -9.9025867E-02 AU
 BOTTOM OF VIRTUAL BANDS - BAND    869; K   17; EIG -9.2698364E-02 AU
 BOTTOM OF VIRTUAL BANDS - BAND    869; K    1; EIG -9.0047412E-02 AU

 CORE DENSITY MATRIX CALCULATION
 TTTTTTTTTTTTTTTTTTTTTTTTTTTTTT NEWK        TELAPSE    92718.41 TCPU    92562.31
 TTTTTTTTTTTTTTTTTTTTTTTTTTTTTT SETPRINT    TELAPSE    92718.41 TCPU    92562.31

 *******************************************************************************
 HYPERFINE ELECTRON-NUCLEAR SPIN INTERACTION TENSOR
 ANISOTROPIC COMPONENTS - THE TENSOR IS TRACELESS
 *******************************************************************************


 POINT   ATOM  MASS NO  NUCLEAR G FACTOR
    1    1 O      17      -0.7575220

 TENSOR IN ORIGINAL CARTESIAN AXES
 XX -9.054714E-07 YY -6.986044E-07 ZZ  1.604076E-06 XY -6.156728E-07 XZ -1.079705E-06 YZ  2.061969E-06

 TENSOR IN PRINCIPAL AXIS SYSTEM
 AA -1.282131E-06 BB -1.909254E-06 CC  3.191385E-06

 PRINCIPAL AXES
         X             Y             Z
 A  9.566672E-01  1.671568E-01  2.384250E-01
 B -2.271419E-02  8.591582E-01 -5.112058E-01
 C -2.902963E-01  4.836382E-01  8.257253E-01

 ANGLES BETWEEN PRINCIPAL AXES AND ORIGINAL AXES (DEGREES)
         X             Y             Z
 A     16.928828     80.377448     76.206400
 B     91.301539     30.777809    120.744179
 C    106.875695     61.076713     34.337910


 POINT   ATOM  MASS NO  NUCLEAR G FACTOR
    2    2 O      17      -0.7575220

 TENSOR IN ORIGINAL CARTESIAN AXES
 XX  4.054323E-07 YY -4.515848E-07 ZZ  4.615258E-08 XY  2.161947E-07 XZ -1.093817E-06 YZ -2.740412E-09

 TENSOR IN PRINCIPAL AXIS SYSTEM
 AA  1.349738E-06 BB -4.257606E-07 CC -9.239777E-07

 PRINCIPAL AXES
         X             Y             Z
 A  7.626699E-01  9.250954E-02 -6.401380E-01
 B  1.174429E-01  9.534585E-01  2.777123E-01
 C  6.360360E-01 -2.869825E-01  7.163095E-01

 ANGLES BETWEEN PRINCIPAL AXES AND ORIGINAL AXES (DEGREES)
         X             Y             Z
 A     40.299860     84.692004    129.802107
 B     83.255451     17.549185     73.876285
 C     50.503136    106.677388     44.249381


 POINT   ATOM  MASS NO  NUCLEAR G FACTOR
    3    3 O      17      -0.7575220

 TENSOR IN ORIGINAL CARTESIAN AXES
 XX -8.190774E-08 YY  1.377656E-06 ZZ -1.295748E-06 XY  4.752299E-07 XZ  5.763473E-07 YZ  1.910598E-07

 TENSOR IN PRINCIPAL AXIS SYSTEM
 AA -3.726564E-08 BB  1.563070E-06 CC -1.525804E-06

 PRINCIPAL AXES
         X             Y             Z
 A  8.733970E-01 -3.403751E-01  3.483137E-01
 B  3.158514E-01  9.402894E-01  1.268610E-01
 C -3.706960E-01 -7.846509E-04  9.287539E-01

 ANGLES BETWEEN PRINCIPAL AXES AND ORIGINAL AXES (DEGREES)
         X             Y             Z
 A     29.144174    109.899730     69.615790
 B     71.587780     19.899785     82.711760
 C    111.758551     90.044957     21.758602


 POINT   ATOM  MASS NO  NUCLEAR G FACTOR
    4    4 O      17      -0.7575220

 TENSOR IN ORIGINAL CARTESIAN AXES
 XX -3.406768E-07 YY -9.944629E-07 ZZ  1.335140E-06 XY -7.961408E-08 XZ -1.455068E-06 YZ -1.387699E-06

 TENSOR IN PRINCIPAL AXIS SYSTEM
 AA -5.564120E-07 BB -2.015438E-06 CC  2.571850E-06

 PRINCIPAL AXES
         X             Y             Z
 A  7.797391E-01 -6.074646E-01  1.516365E-01
 B  4.678847E-01  7.262812E-01  5.035867E-01
 C -4.160418E-01 -3.217178E-01  8.505333E-01

 ANGLES BETWEEN PRINCIPAL AXES AND ORIGINAL AXES (DEGREES)
         X             Y             Z
 A     38.763302    127.406402     81.278225
 B     62.102925     43.424467     59.762423
 C    114.584941    108.766845     31.730281


 POINT   ATOM  MASS NO  NUCLEAR G FACTOR
    5    5 O      17      -0.7575220

 TENSOR IN ORIGINAL CARTESIAN AXES
 XX  3.008528E-06 YY -7.767950E-07 ZZ -2.231733E-06 XY -1.360674E-06 XZ  1.265041E-06 YZ -8.057198E-07

 TENSOR IN PRINCIPAL AXIS SYSTEM
 AA  3.797803E-06 BB -1.123587E-06 CC -2.674216E-06

 PRINCIPAL AXES
         X             Y             Z
 A  9.195656E-01 -3.149096E-01  2.350127E-01
 B  3.679713E-01  8.999288E-01 -2.339345E-01
 C -1.378265E-01  3.015961E-01  9.434213E-01

 ANGLES BETWEEN PRINCIPAL AXES AND ORIGINAL AXES (DEGREES)
         X             Y             Z
 A     23.137335    108.355355     76.407627
 B     68.409444     25.851296    103.528824
 C     97.922094     72.446507     19.365714


 POINT   ATOM  MASS NO  NUCLEAR G FACTOR
    6    6 O      17      -0.7575220

 TENSOR IN ORIGINAL CARTESIAN AXES
 XX  6.825169E-07 YY  1.225113E-06 ZZ -1.907630E-06 XY -2.167279E-07 XZ -3.554979E-07 YZ -1.709453E-06

 TENSOR IN PRINCIPAL AXIS SYSTEM
 AA  7.303089E-07 BB  1.979715E-06 CC -2.710024E-06

 PRINCIPAL AXES
         X             Y             Z
 A  9.917258E-01 -8.408852E-03 -1.280985E-01
 B -4.357438E-02  9.165606E-01 -3.975147E-01
 C  1.207527E-01  3.998074E-01  9.086104E-01

 ANGLES BETWEEN PRINCIPAL AXES AND ORIGINAL AXES (DEGREES)
         X             Y             Z
 A      7.375656     90.481797     97.359728
 B     92.497419     23.571665    113.422901
 C     83.064454     66.433862     24.685982


 POINT   ATOM  MASS NO  NUCLEAR G FACTOR
    7    7 O      17      -0.7575220

 TENSOR IN ORIGINAL CARTESIAN AXES
 XX -5.448265E-06 YY  1.519448E-06 ZZ  3.928817E-06 XY -8.535698E-06 XZ  3.570584E-06 YZ  2.713409E-06

 TENSOR IN PRINCIPAL AXIS SYSTEM
 AA -1.241066E-05 BB  7.284840E-06 CC  5.125820E-06

 PRINCIPAL AXES
         X             Y             Z
 A  7.986793E-01  5.408188E-01 -2.638683E-01
 B -5.309164E-01  8.397115E-01  1.140714E-01
 C  2.832652E-01  4.898559E-02  9.577898E-01

 ANGLES BETWEEN PRINCIPAL AXES AND ORIGINAL AXES (DEGREES)
         X             Y             Z
 A     36.995834     57.260605    105.299717
 B    122.067396     32.890330     83.449935
 C     73.544823     87.192209     16.706522


 POINT   ATOM  MASS NO  NUCLEAR G FACTOR
    8    8 O      17      -0.7575220

 TENSOR IN ORIGINAL CARTESIAN AXES
 XX  2.708852E-07 YY  7.778383E-07 ZZ -1.048724E-06 XY -1.529162E-08 XZ -7.312075E-07 YZ -9.849085E-07

 TENSOR IN PRINCIPAL AXIS SYSTEM
 AA  4.146631E-07 BB  1.297690E-06 CC -1.712353E-06

 PRINCIPAL AXES
         X             Y             Z
 A  8.952806E-01 -4.122915E-01 -1.687851E-01
 B  3.031299E-01  8.413962E-01 -4.473977E-01
 C  3.264734E-01  3.493827E-01  8.782635E-01

 ANGLES BETWEEN PRINCIPAL AXES AND ORIGINAL AXES (DEGREES)
         X             Y             Z
 A     26.455507    114.348862     99.717192
 B     72.354308     32.712155    116.576848
 C     70.945133     69.550438     28.566401


 POINT   ATOM  MASS NO  NUCLEAR G FACTOR
    9    9 O      17      -0.7575220

 TENSOR IN ORIGINAL CARTESIAN AXES
 XX -2.727823E-07 YY  1.332229E-06 ZZ -1.059446E-06 XY  1.914842E-06 XZ -9.081224E-07 YZ -2.164611E-06

 TENSOR IN PRINCIPAL AXIS SYSTEM
 AA -1.358321E-06 BB  3.725290E-06 CC -2.366970E-06

 PRINCIPAL AXES
         X             Y             Z
 A  8.700358E-01 -3.123369E-01  3.814229E-01
 B  4.673546E-01  7.687939E-01 -4.365037E-01
 C -1.568994E-01  5.580336E-01  8.148504E-01

 ANGLES BETWEEN PRINCIPAL AXES AND ORIGINAL AXES (DEGREES)
         X             Y             Z
 A     29.537204    108.200122     67.578154
 B     62.137283     39.754290    115.881017
 C     99.026969     56.080083     35.427432


 POINT   ATOM  MASS NO  NUCLEAR G FACTOR
   10   10 O      17      -0.7575220

 TENSOR IN ORIGINAL CARTESIAN AXES
 XX  2.924468E-06 YY -1.463230E-06 ZZ -1.461238E-06 XY  8.960530E-07 XZ  1.841520E-06 YZ  2.864434E-07

 TENSOR IN PRINCIPAL AXIS SYSTEM
 AA  3.764176E-06 BB -1.629545E-06 CC -2.134631E-06

 PRINCIPAL AXES
         X             Y             Z
 A  9.251927E-01  1.769904E-01  3.356976E-01
 B -1.408724E-01  9.815536E-01 -1.292574E-01
 C -3.523825E-01  7.229746E-02  9.330593E-01

 ANGLES BETWEEN PRINCIPAL AXES AND ORIGINAL AXES (DEGREES)
         X             Y             Z
 A     22.302572     79.805493     70.385034
 B     98.098334     11.022072     97.426682
 C    110.633111     85.854044     21.083163


 POINT   ATOM  MASS NO  NUCLEAR G FACTOR
   11   11 O      17      -0.7575220

 TENSOR IN ORIGINAL CARTESIAN AXES
 XX -3.180850E-08 YY  1.144036E-06 ZZ -1.112228E-06 XY -8.679038E-07 XZ  8.934704E-07 YZ -1.536409E-06

 TENSOR IN PRINCIPAL AXIS SYSTEM
 AA -4.899151E-07 BB  2.482261E-06 CC -1.992346E-06

 PRINCIPAL AXES
         X             Y             Z
 A  8.696759E-01  4.925482E-01  3.256020E-02
 B -4.292078E-01  7.871207E-01 -4.429692E-01
 C -2.438125E-01  3.712645E-01  8.959454E-01

 ANGLES BETWEEN PRINCIPAL AXES AND ORIGINAL AXES (DEGREES)
         X             Y             Z
 A     29.579004     60.491796     88.134108
 B    115.417297     38.082758    116.293480
 C    104.111665     68.206376     26.369878


 POINT   ATOM  MASS NO  NUCLEAR G FACTOR
   12   12 O      17      -0.7575220

 TENSOR IN ORIGINAL CARTESIAN AXES
 XX  4.055241E-06 YY -6.779783E-06 ZZ  2.724543E-06 XY  2.147011E-06 XZ -1.047143E-05 YZ -2.444839E-06

 TENSOR IN PRINCIPAL AXIS SYSTEM
 AA  1.437828E-05 BB -7.510829E-06 CC -6.867446E-06

 PRINCIPAL AXES
         X             Y             Z
 A  7.192699E-01  1.513370E-01 -6.780472E-01
 B  3.268876E-01  7.874742E-01  5.225216E-01
 C  6.130215E-01 -5.974793E-01  5.169363E-01

 ANGLES BETWEEN PRINCIPAL AXES AND ORIGINAL AXES (DEGREES)
         X             Y             Z
 A     44.005769     81.295586    132.691232
 B     70.920029     38.049903     58.498450
 C     52.191699    126.689575     58.873032


 POINT   ATOM  MASS NO  NUCLEAR G FACTOR
   13   13 O      17      -0.7575220

 TENSOR IN ORIGINAL CARTESIAN AXES
 XX  6.470517E-08 YY -8.284459E-07 ZZ  7.637407E-07 XY -5.838058E-07 XZ  1.806611E-06 YZ -1.203818E-06

 TENSOR IN PRINCIPAL AXIS SYSTEM
 AA -1.669176E-06 BB -1.063078E-06 CC  2.732254E-06

 PRINCIPAL AXES
         X             Y             Z
 A  4.759961E-01 -5.946321E-01 -6.479509E-01
 B  6.637509E-01  7.262477E-01 -1.788828E-01
 C  5.769423E-01 -3.449305E-01  7.403786E-01

 ANGLES BETWEEN PRINCIPAL AXES AND ORIGINAL AXES (DEGREES)
         X             Y             Z
 A     61.575773    126.486406    130.387289
 B     48.413429     43.427263    100.304692
 C     54.764235    110.177555     42.236320


 POINT   ATOM  MASS NO  NUCLEAR G FACTOR
   14   14 O      17      -0.7575220

 TENSOR IN ORIGINAL CARTESIAN AXES
 XX -5.083484E-06 YY -3.869234E-06 ZZ  8.952717E-06 XY  1.956794E-07 XZ -4.107907E-07 YZ -4.440523E-06

 TENSOR IN PRINCIPAL AXIS SYSTEM
 AA -5.074073E-06 BB -5.279457E-06 CC  1.035353E-05

 PRINCIPAL AXES
         X             Y             Z
 A  9.430936E-01  3.080932E-01  1.251118E-01
 B -3.312456E-01  9.034299E-01  2.721961E-01
 C -2.916796E-02 -2.981491E-01  9.540735E-01

 ANGLES BETWEEN PRINCIPAL AXES AND ORIGINAL AXES (DEGREES)
         X             Y             Z
 A     19.422244     72.055642     82.812788
 B    109.344394     25.387355     74.205010
 C     91.671438    107.346470     17.431928


 POINT   ATOM  MASS NO  NUCLEAR G FACTOR
   15   15 O      17      -0.7575220

 TENSOR IN ORIGINAL CARTESIAN AXES
 XX  2.941509E-07 YY -3.464367E-07 ZZ  5.228580E-08 XY  2.577687E-07 XZ -3.888378E-07 YZ  7.878576E-09

 TENSOR IN PRINCIPAL AXIS SYSTEM
 AA  6.240959E-07 BB -4.856986E-07 CC -1.383973E-07

 PRINCIPAL AXES
         X             Y             Z
 A  8.146301E-01  2.134623E-01 -5.392696E-01
 B -4.386538E-01  8.350408E-01 -3.320990E-01
 C  3.794215E-01  5.070905E-01  7.738854E-01

 ANGLES BETWEEN PRINCIPAL AXES AND ORIGINAL AXES (DEGREES)
         X             Y             Z
 A     35.449198     77.674671    122.633930
 B    116.018021     33.379917    109.396226
 C     67.702148     59.529777     39.295914


 POINT   ATOM  MASS NO  NUCLEAR G FACTOR
   16   16 O      17      -0.7575220

 TENSOR IN ORIGINAL CARTESIAN AXES
 XX -5.979245E-08 YY -4.832186E-08 ZZ  1.081143E-07 XY -5.788000E-08 XZ -2.399084E-07 YZ -3.512076E-07

 TENSOR IN PRINCIPAL AXIS SYSTEM
 AA -4.383047E-07 BB -1.981078E-09 CC  4.402858E-07

 PRINCIPAL AXES
         X             Y             Z
 A  4.692324E-01  6.356075E-01  6.130449E-01
 B -8.246499E-01  5.637090E-01  4.674175E-02
 C -3.158695E-01 -5.274802E-01  7.886641E-01

 ANGLES BETWEEN PRINCIPAL AXES AND ORIGINAL AXES (DEGREES)
         X             Y             Z
 A     62.015519     50.534946     52.190001
 B    145.553009     55.687311     87.320919
 C    108.413315    121.835358     37.939153


 POINT   ATOM  MASS NO  NUCLEAR G FACTOR
   17   17 O      17      -0.7575220

 TENSOR IN ORIGINAL CARTESIAN AXES
 XX -6.916072E-07 YY  1.410248E-06 ZZ -7.186410E-07 XY -5.049189E-08 XZ -4.483275E-08 YZ  1.243154E-06

 TENSOR IN PRINCIPAL AXIS SYSTEM
 AA -6.925246E-07 BB  1.983968E-06 CC -1.291444E-06

 PRINCIPAL AXES
         X             Y             Z
 A  9.991719E-01  3.561536E-02 -1.967177E-02
 B -2.414152E-02  9.081399E-01  4.179701E-01
 C  3.275088E-02 -4.171491E-01  9.082478E-01

 ANGLES BETWEEN PRINCIPAL AXES AND ORIGINAL AXES (DEGREES)
         X             Y             Z
 A      2.331837     87.958958     91.127182
 B     91.383341     24.750441     65.293501
 C     88.123177    114.654729     24.735682


 POINT   ATOM  MASS NO  NUCLEAR G FACTOR
   18   18 O      17      -0.7575220

 TENSOR IN ORIGINAL CARTESIAN AXES
 XX  1.780049E-06 YY  1.995798E-06 ZZ -3.775847E-06 XY -5.912852E-06 XZ -3.637594E-06 YZ -1.020177E-05

 TENSOR IN PRINCIPAL AXIS SYSTEM
 AA -1.416110E-05 BB  1.062624E-05 CC  3.534866E-06

 PRINCIPAL AXES
         X             Y             Z
 A  3.811694E-01  5.892903E-01  7.123530E-01
 B -3.391656E-01  8.059325E-01 -4.852211E-01
 C -8.600445E-01 -5.665423E-02  5.070638E-01

 ANGLES BETWEEN PRINCIPAL AXES AND ORIGINAL AXES (DEGREES)
         X             Y             Z
 A     67.593863     53.893336     44.573314
 B    109.826047     36.299591    119.026956
 C    149.321582     93.247787     59.531550


 POINT   ATOM  MASS NO  NUCLEAR G FACTOR
   19   19 O      17      -0.7575220

 TENSOR IN ORIGINAL CARTESIAN AXES
 XX -1.837123E-06 YY -8.188779E-07 ZZ  2.656001E-06 XY  2.660488E-06 XZ  4.547589E-06 YZ  5.580745E-06

 TENSOR IN PRINCIPAL AXIS SYSTEM
 AA -4.035852E-06 BB -5.209616E-06 CC  9.245468E-06

 PRINCIPAL AXES
         X             Y             Z
 A  7.854393E-01 -6.186826E-01 -1.780485E-02
 B  4.471021E-01  5.870346E-01 -6.749001E-01
 C  4.280010E-01  5.221325E-01  7.376943E-01

 ANGLES BETWEEN PRINCIPAL AXES AND ORIGINAL AXES (DEGREES)
         X             Y             Z
 A     38.238675    128.219992     91.020196
 B     63.442090     54.053146    132.446391
 C     64.659237     58.524599     42.464627


 POINT   ATOM  MASS NO  NUCLEAR G FACTOR
   20   20 O      17      -0.7575220

 TENSOR IN ORIGINAL CARTESIAN AXES
 XX  1.007583E-05 YY  1.058683E-05 ZZ -2.066266E-05 XY  1.196639E-05 XZ -1.487015E-05 YZ  1.395270E-05

 TENSOR IN PRINCIPAL AXIS SYSTEM
 AA  1.134154E-05 BB  2.230771E-05 CC -3.364925E-05

 PRINCIPAL AXES
         X             Y             Z
 A  5.878302E-01 -6.049821E-01 -5.370775E-01
 B  7.095896E-01  7.044142E-01 -1.683147E-02
 C  3.885078E-01 -3.712106E-01  8.433649E-01

 ANGLES BETWEEN PRINCIPAL AXES AND ORIGINAL AXES (DEGREES)
         X             Y             Z
 A     53.996817    127.227556    122.484915
 B     44.798468     45.217765     90.964418
 C     67.138319    111.790296     32.502827


 POINT   ATOM  MASS NO  NUCLEAR G FACTOR
   21   21 O      17      -0.7575220

 TENSOR IN ORIGINAL CARTESIAN AXES
 XX  1.170466E-05 YY -1.726984E-05 ZZ  5.565184E-06 XY -4.843173E-06 XZ  2.678946E-05 YZ -4.819824E-06

 TENSOR IN PRINCIPAL AXIS SYSTEM
 AA  3.646596E-05 BB -1.785040E-05 CC -1.861556E-05

 PRINCIPAL AXES
         X             Y             Z
 A  7.397566E-01 -1.259602E-01  6.609797E-01
 B  4.815407E-01  7.852180E-01 -3.892959E-01
 C -4.699773E-01  6.062728E-01  6.415252E-01

 ANGLES BETWEEN PRINCIPAL AXES AND ORIGINAL AXES (DEGREES)
         X             Y             Z
 A     42.289312     97.236212     48.625367
 B     61.213925     38.259155    112.910693
 C    118.032826     52.679512     50.094356


 POINT   ATOM  MASS NO  NUCLEAR G FACTOR
   22   22 O      17      -0.7575220

 TENSOR IN ORIGINAL CARTESIAN AXES
 XX -4.025539E-06 YY  2.955981E-06 ZZ  1.069558E-06 XY -1.105284E-06 XZ -5.840189E-06 YZ -1.822828E-06

 TENSOR IN PRINCIPAL AXIS SYSTEM
 AA -8.183615E-06 BB  2.880665E-06 CC  5.302950E-06

 PRINCIPAL AXES
         X             Y             Z
 A  8.176220E-01  1.710844E-01  5.497494E-01
 B -3.594136E-01  8.976038E-01  2.552043E-01
 C -4.497957E-01 -4.062481E-01  7.953907E-01

 ANGLES BETWEEN PRINCIPAL AXES AND ORIGINAL AXES (DEGREES)
         X             Y             Z
 A     35.152552     80.149125     56.650175
 B    111.064186     26.155132     75.214309
 C    116.730578    113.969360     37.307828


 POINT   ATOM  MASS NO  NUCLEAR G FACTOR
   23   23 O      17      -0.7575220

 TENSOR IN ORIGINAL CARTESIAN AXES
 XX -2.066994E-05 YY -2.929879E-06 ZZ  2.359982E-05 XY  1.953406E-05 XZ  5.324675E-06 YZ -1.780371E-05

 TENSOR IN PRINCIPAL AXIS SYSTEM
 AA -3.673856E-05 BB  3.843319E-06 CC  3.289524E-05

 PRINCIPAL AXES
         X             Y             Z
 A  7.808248E-01 -5.771411E-01 -2.392088E-01
 B  6.183730E-01  6.593918E-01  4.275714E-01
 C -8.903669E-02 -4.817786E-01  8.717579E-01

 ANGLES BETWEEN PRINCIPAL AXES AND ORIGINAL AXES (DEGREES)
         X             Y             Z
 A     38.663848    125.249712    103.839848
 B     51.802581     48.746495     64.686467
 C     95.108191    118.801629     29.336433


 POINT   ATOM  MASS NO  NUCLEAR G FACTOR
   24   24 O      17      -0.7575220

 TENSOR IN ORIGINAL CARTESIAN AXES
 XX  2.408385E-06 YY -8.135389E-06 ZZ  5.727004E-06 XY -5.086836E-06 XZ -7.832970E-06 YZ  8.722746E-06

 TENSOR IN PRINCIPAL AXIS SYSTEM
 AA -3.718051E-06 BB -1.247071E-05 CC  1.618876E-05

 PRINCIPAL AXES
         X             Y             Z
 A  8.222154E-01  1.410262E-01  5.514285E-01
 B  1.062463E-01  9.137615E-01 -3.921118E-01
 C -5.591721E-01  3.809876E-01  7.363253E-01

 ANGLES BETWEEN PRINCIPAL AXES AND ORIGINAL AXES (DEGREES)
         X             Y             Z
 A     34.692813     81.892768     56.534932
 B     83.901026     23.969550    113.085967
 C    123.998566     67.605129     42.580679


 POINT   ATOM  MASS NO  NUCLEAR G FACTOR
   25   25 O      17      -0.7575220

 TENSOR IN ORIGINAL CARTESIAN AXES
 XX -1.505781E-05 YY  1.535243E-05 ZZ -2.946230E-07 XY  2.067461E-05 XZ  1.877817E-05 YZ -8.741870E-06

 TENSOR IN PRINCIPAL AXIS SYSTEM
 AA -3.714821E-05 BB  2.583689E-05 CC  1.131132E-05

 PRINCIPAL AXES
         X             Y             Z
 A  7.803303E-01 -3.888566E-01 -4.897706E-01
 B  4.646827E-01  8.846626E-01  3.797497E-02
 C  4.185149E-01 -2.572209E-01  8.710239E-01

 ANGLES BETWEEN PRINCIPAL AXES AND ORIGINAL AXES (DEGREES)
         X             Y             Z
 A     38.709177    112.883374    119.325504
 B     62.310314     27.789970     87.823671
 C     65.259137    104.905225     29.422155


 POINT   ATOM  MASS NO  NUCLEAR G FACTOR
   26   26 O      17      -0.7575220

 TENSOR IN ORIGINAL CARTESIAN AXES
 XX -5.332666E-07 YY  1.666965E-06 ZZ -1.133698E-06 XY -4.472228E-06 XZ -3.128117E-06 YZ -3.012593E-06

 TENSOR IN PRINCIPAL AXIS SYSTEM
 AA -7.149637E-06 BB  5.217328E-06 CC  1.932309E-06

 PRINCIPAL AXES
         X             Y             Z
 A  6.260403E-01  5.172579E-01  5.835390E-01
 B -5.759158E-01  8.112191E-01 -1.012152E-01
 C -5.257324E-01 -2.727046E-01  8.057529E-01

 ANGLES BETWEEN PRINCIPAL AXES AND ORIGINAL AXES (DEGREES)
         X             Y             Z
 A     51.241417     58.851501     54.300155
 B    125.163793     35.784786     95.809151
 C    121.717559    105.825268     36.316972


 POINT   ATOM  MASS NO  NUCLEAR G FACTOR
   27   27 O      17      -0.7575220

 TENSOR IN ORIGINAL CARTESIAN AXES
 XX  2.031811E-04 YY -2.582068E-04 ZZ  5.502569E-05 XY  1.014122E-04 XZ  3.865847E-04 YZ  7.144972E-05

 TENSOR IN PRINCIPAL AXIS SYSTEM
 AA  5.418462E-04 BB -2.823199E-04 CC -2.595263E-04

 PRINCIPAL AXES
         X             Y             Z
 A  7.628764E-01  1.528045E-01  6.282279E-01
 B -4.015484E-01  8.735303E-01  2.751429E-01
 C -5.067331E-01 -4.621640E-01  7.277541E-01

 ANGLES BETWEEN PRINCIPAL AXES AND ORIGINAL AXES (DEGREES)
         X             Y             Z
 A     40.281563     81.210512     51.080495
 B    113.675014     29.128484     74.029472
 C    120.446467    117.526832     43.301558


 POINT   ATOM  MASS NO  NUCLEAR G FACTOR
   28   28 O      17      -0.7575220

 TENSOR IN ORIGINAL CARTESIAN AXES
 XX  6.362616E-05 YY -3.725320E-05 ZZ -2.637296E-05 XY  3.755120E-06 XZ -3.628657E-05 YZ -2.483222E-06

 TENSOR IN PRINCIPAL AXIS SYSTEM
 AA  7.660138E-05 BB -3.689905E-05 CC -3.970233E-05

 PRINCIPAL AXES
         X             Y             Z
 A  9.421715E-01  3.833582E-02 -3.329312E-01
 B -1.763441E-01  9.014933E-01 -3.952375E-01
 C  2.849835E-01  4.310920E-01  8.561216E-01

 ANGLES BETWEEN PRINCIPAL AXES AND ORIGINAL AXES (DEGREES)
         X             Y             Z
 A     19.580505     87.802981    109.446783
 B    100.156884     25.644952    113.280787
 C     73.442141     64.463121     31.116136


 POINT   ATOM  MASS NO  NUCLEAR G FACTOR
   29   29 O      17      -0.7575220

 TENSOR IN ORIGINAL CARTESIAN AXES
 XX  1.083198E-07 YY  1.372444E-06 ZZ -1.480764E-06 XY -4.845927E-08 XZ  1.766005E-07 YZ -1.801227E-07

 TENSOR IN PRINCIPAL AXIS SYSTEM
 AA  1.240680E-07 BB  1.386558E-06 CC -1.510626E-06

 PRINCIPAL AXES
         X             Y             Z
 A  9.929446E-01  5.360853E-02  1.057689E-01
 B -4.682881E-02  9.967482E-01 -6.557491E-02
 C -1.089403E-01  6.015923E-02  9.922262E-01

 ANGLES BETWEEN PRINCIPAL AXES AND ORIGINAL AXES (DEGREES)
         X             Y             Z
 A      6.810088     86.926985     83.928533
 B     92.684075      4.621859     93.759864
 C     96.254233     86.551048      7.148838


 POINT   ATOM  MASS NO  NUCLEAR G FACTOR
   30   30 O      17      -0.7575220

 TENSOR IN ORIGINAL CARTESIAN AXES
