
         
 *******************************************************************************
 *                                                                             *
 *                                CRYSTAL09                                    *
 *                              public : 2.0                                   *
 *                      December 10th, 2012 - sequential executable            *
 *                                                                             *
 *                                                                             *
 *                                                                             *
 *                              MAIN AUTHORS                                   *
 *                                                                             *
 *    R. DOVESI(1,10), V.R. SAUNDERS(2), C. ROETTI(1,10), R. ORLANDO (1,3),    *
 *  C.M. ZICOVICH-WILSON(1,4), F. PASCALE(5), B. CIVALLERI(1,10), K. DOLL(6),  *
 *       N.M. HARRISON(2,7), I. J. BUSH(2), Ph. D'ARCO(8), M. LLUNELL(9)       *
 *                                                                             *
 * (1) THEORETICAL CHEMISTRY GROUP - UNIVERSITA' DI TORINO - TORINO (ITALY)    *
 *      http://www.crystal.unito.it                                            *
 * (2) COMPUTATIONAL SCIENCE & ENGINEERING DEPARTMENT - CCLRC DARESBURY (UK)   *
 *     http://www.cse.clrc.ac.uk/cmg/CRYSTAL/                                  *
 * (3) UNIVERSITA' DEL PIEMONTE ORIENTALE - ALESSANDRIA (ITALY)                *
 * (4) UNIVERSIDAD AUTONOMA DEL ESTADO DE MORELOS - CUERNAVACA (MEXICO)        *
 * (5) UNIVERSITE' HENRI POINCARE' - NANCY (FRANCE)                            *
 * (6) MPI FUER FESTKOERPERFORSCHUNG - STUTTGART (GERMANY)                     *
 * (7) IMPERIAL COLLEGE - LONDON (UK)                                          *
 * (8) UNIVERSITE' PIERRE ET MARIE CURIE - PARIS (FRANCE)                      *
 * (9) UNIVERSIDAD DE BARCELONA - BARCELONA (SPAIN)                            *
 *(10) NIS - NANOSTRUCTURED INTERFACES AND SURFACES - TORINO (ITALY)           *
 *     http://www.crystal.unito.it                                             *
 *******************************************************************************
 EEEEEEEEEE STARTING  DATE 11 05 2015 TIME 11:54:04.8

 *******************************************************************************
 Created with astools                                                            
 CRYSTAL - PROPERTIES - TYPE OF CALCULATION :  UNRESTRICTED OPEN SHELL
 *******************************************************************************
 SPIN POLARIZED SYSTEM: SUMMED SPIN DENSITY    2.00000000

 KOHN-SHAM HAMILTONIAN

 (EXCHANGE)[CORRELATION] FUNCTIONAL:(BECKE)[LEE-YANG-PARR]

 NON-LOCAL WEIGHTING FACTOR (EXCHANGE) =           0.9000
 NON-LOCAL WEIGHTING FACTOR [CORRELATION] =        0.8100

 HYBRID EXCHANGE - PERCENTAGE OF FOCK EXCHANGE     5.0000

 SPIN POLARIZED DFT SELECTED

 DIRECT LATTICE VECTOR COMPONENTS (ANGSTROM)
        11.07140    0.00000    0.00000
         0.00000   10.48440    0.00000
         0.00000    0.00000   20.87130

 LATTICE PARAMETERS  (ANGSTROM AND DEGREES) - PRIMITIVE CELL
       A          B          C         ALPHA      BETA     GAMMA        VOLUME
   11.07140   10.48440   20.87130     47.6259   47.6259   47.6259    2422.67760
 *******************************************************************************
 N. OF ATOMS PER CELL      148  COULOMB OVERLAP TOL         (T1) 10** -8
 NUMBER OF SHELLS          776  COULOMB PENETRATION TOL     (T2) 10** -8
 NUMBER OF AO             2752  EXCHANGE OVERLAP TOL        (T3) 10** -8
 N. OF ELECTRONS PER CELL 1736  EXCHANGE PSEUDO OVP (F(G))  (T4) 10** -8
 CORE ELECTRONS PER CELL  1032  EXCHANGE PSEUDO OVP (P(G))  (T5) 10**-16
 N. OF SYMMETRY OPERATORS    1  POLE ORDER IN MONO ZONE                4
 *******************************************************************************
   ATOM N.AT.  SHELL    X(A)      Y(A)      Z(A)      EXAD       N.ELECT.
 *******************************************************************************
    1    8 O     4     2.754     3.877    -7.606   1.900E-01       8.604
    2    8 O     4     5.187     3.846    -8.224   1.900E-01       8.700
    3    8 O     4    -1.567     4.370    -9.163   1.900E-01       8.719
    4    8 O     4     1.633     0.485    -7.705   1.900E-01       8.458
    5    8 O     4    -4.690    -3.882    -9.531   1.900E-01       8.669
    6    8 O     4    -1.515    -3.676    -7.738   1.900E-01       8.860
    7    8 O     4     3.515     3.375   -10.129   1.900E-01       8.801
    8    8 O     4    -2.715     1.481    10.293   1.900E-01       8.845
    9    8 O     4    -1.092     0.241    -6.858   1.900E-01       8.743
   10    8 O     4    -0.664     0.363    -9.380   1.900E-01       8.781
   11    8 O     4    -4.556    -2.463    -7.093   1.900E-01       8.557
   12    8 O     4     3.145    -1.506    -8.063   1.900E-01       8.637
   13    8 O     4     2.150    -3.488    -9.639   1.900E-01       8.584
   14    8 O     4    -0.509    -3.976   -10.065   1.900E-01       8.607
   15    8 O     4     0.490    -1.873    -8.236   1.900E-01       8.766
   16    8 O     4    -2.973    -2.309    -9.553   1.900E-01       8.756
   17    8 O     4    -5.532    -1.230    -9.397   1.900E-01       8.616
   18    8 O     4     3.949     1.397    -8.216   1.900E-01       8.608
   19    8 O     4     2.768    -1.673    -4.271   1.900E-01       8.637
   20    8 O     4     1.369     2.592    -2.919   1.900E-01       8.551
   21    8 O     4     2.054    -3.905    -7.173   1.900E-01       8.607
   22    8 O     4    -0.840     4.725    -0.022   1.900E-01       8.644
   23    8 O     4     3.417     0.758    -3.461   1.900E-01       8.622
   24    8 O     4    -3.922     2.227    -6.586   1.900E-01       8.573
   25    8 O     4     1.734    -4.341    -2.543   1.900E-01       8.538
   26    8 O     4    -2.530     0.482    -4.378   1.900E-01       8.680
   27    8 O     4     3.931     4.123    -3.362   1.900E-01       8.581
   28    8 O     4     2.545     5.170    -5.237   1.900E-01       8.855
   29    8 O     4     0.808    -1.100    -5.867   1.900E-01       8.698
   30    8 O     4    -0.603    -1.108    -0.616   1.900E-01       8.686
   31    8 O     4    -1.783    -4.486    -5.317   1.900E-01       8.752
   32    8 O     4     4.710    -4.054    -4.374   1.900E-01       8.603
   33    8 O     4    -2.145    -1.777    -5.563   1.900E-01       8.603
   34    8 O     4    -5.073     1.225    -0.788   1.900E-01       8.733
   35    8 O     4     5.259    -1.103    -0.007   1.900E-01       8.695
   36    8 O     4     5.373    -1.482    -4.441   1.900E-01       8.586
   37    8 O     4    -5.346    -2.689    -2.158   1.900E-01       8.576
   38    8 O     4    -1.111     0.916    -2.135   1.900E-01       8.573
   39    8 O     4    -5.239     4.039    -0.972   1.900E-01       8.698
   40    8 O     4    -3.353     2.184    -2.462   1.900E-01       8.661
   41    8 O     4     0.420    -0.945    -3.204   1.900E-01       8.659
   42    8 O     4     1.482     0.563    -1.317   1.900E-01       8.781
   43    8 O     4     3.722    -5.119    -1.119   1.900E-01       8.644
   44    8 O     4     0.309     4.613    -4.217   1.900E-01       8.583
   45    8 O     4     1.140     2.322    -5.540   1.900E-01       8.596
   46    8 O     4    -1.152     2.675    -4.017   1.900E-01       8.598
   47    8 O     4     3.904    -0.010    -6.008   1.900E-01       8.598
   48    8 O     4     5.206     4.130    -5.728   1.900E-01       8.596
   49    8 O     4     0.245     4.710    -7.226   1.900E-01       8.643
   50    8 O     4    -3.517     4.197    -4.733   1.900E-01       8.684
   51    8 O     4    -3.834    -3.695    -4.005   1.900E-01       8.658
   52    8 O     4    -2.099    -5.233    -2.632   1.900E-01       8.662
   53    8 O     4     0.694    -3.261    -4.560   1.900E-01       8.645
   54    8 O     4    -3.720     4.751    -7.484   1.900E-01       8.751
   55    8 O     4     3.128    -2.449    -0.890   1.900E-01       8.690
   56    8 O     4     3.285     2.651    -1.214   1.900E-01       8.774
   57   14 SI    6     1.286     1.024     0.721   6.000E-01      13.782
   58   14 SI    6     2.915     2.702     0.712   6.000E-01      13.706
   59   14 SI    6     2.019     4.540     1.915   6.000E-01      13.953
   60   14 SI    6     4.690     1.813     1.963   6.000E-01      14.049
   61   14 SI    6     0.602     3.234     3.232   6.000E-01      14.042
   62   14 SI    6     3.323     0.568     3.374   6.000E-01      14.048
   63   14 SI    6     1.921     1.945     4.662   6.000E-01      13.983
   64   14 SI    6     4.757     4.464     4.670   6.000E-01      13.998
   65   14 SI    6     1.041    -4.191     0.797   6.000E-01      13.827
   66   14 SI    6     2.884    -2.681     0.861   6.000E-01      13.701
   67   14 SI    6     2.034    -0.781     1.957   6.000E-01      13.980
   68   14 SI    6     4.850    -3.600     1.768   6.000E-01      13.998
   69   14 SI    6     0.529    -1.936     3.328   6.000E-01      14.039
   70   14 SI    6     3.444    -4.693     3.303   6.000E-01      14.067
   71   14 SI    6     1.979    -3.304     4.585   6.000E-01      13.980
   72   14 SI    6     4.833    -0.754     4.553   6.000E-01      13.989
   73   14 SI    6    -5.180     0.326     0.583   6.000E-01      13.223
   74   14 SI    6    -1.909     3.390     0.473   6.000E-01      13.765
   75   14 SI    6    -3.562     4.492     1.761   6.000E-01      14.106
   76   14 SI    6    -0.656     1.896     1.756   6.000E-01      14.033
   77   14 SI    6    -4.922     3.226     3.203   6.000E-01      13.996
   78   14 SI    6    -2.087     0.682     3.217   6.000E-01      14.009
   79   14 SI    6    -3.512     1.969     4.601   6.000E-01      14.000
   80   14 SI    6    -0.847     4.581     4.555   6.000E-01      13.983
   81   14 SI    6    -4.668    -4.666     0.160   6.000E-01      13.583
   82   14 SI    6    -1.869    -1.866     0.313   6.000E-01      13.548
   83   14 SI    6    -3.384    -0.611     1.750   6.000E-01      14.085
   84   14 SI    6    -0.771    -3.239     1.880   6.000E-01      14.008
   85   14 SI    6    -4.896    -2.032     3.026   6.000E-01      13.995
   86   14 SI    6    -2.220    -4.625     3.131   6.000E-01      13.999
   87   14 SI    6    -3.543    -3.253     4.511   6.000E-01      13.997
   88   14 SI    6    -0.792    -0.589     4.722   6.000E-01      14.003
   89   14 SI    6     0.555     0.755     6.129   6.000E-01      13.988
   90   14 SI    6     3.281     3.229     6.050   6.000E-01      13.976
   91   14 SI    6     0.490    -4.538     5.932   6.000E-01      13.995
   92   14 SI    6     3.347    -1.942     5.943   6.000E-01      13.982
   93   14 SI    6    -4.954     0.665     5.917   6.000E-01      14.000
   94   14 SI    6    -2.167     3.299     6.034   6.000E-01      13.984
   95   14 SI    6    -4.911    -4.587     5.844   6.000E-01      13.995
   96   14 SI    6    -2.247    -1.901     6.005   6.000E-01      14.004
   97   14 SI    6     1.790     4.598     7.312   6.000E-01      14.004
   98   14 SI    6     4.748     1.935     7.332   6.000E-01      13.993
   99   14 SI    6     0.601     3.443     8.995   6.000E-01      14.098
  100   14 SI    6     3.465     0.727     8.880   6.000E-01      14.045
  101   14 SI    6     2.146     2.148    10.258   6.000E-01      13.723
  102   14 SI    6     4.671     4.626     9.907   6.000E-01      13.714
  103   14 SI    6     2.084    -0.512     7.372   6.000E-01      14.052
  104   14 SI    6     4.768    -3.324     7.176   6.000E-01      14.033
  105   14 SI    6     0.732    -1.831     8.723   6.000E-01      14.045
  106   14 SI    6     3.325    -4.586     8.482   6.000E-01      14.055
  107   14 SI    6     2.602    -2.797     9.767   6.000E-01      13.691
  108   14 SI    6     4.529    -1.134    10.074   6.000E-01      13.579
  109   14 SI    6    -3.596     4.658     7.285   6.000E-01      14.027
  110   14 SI    6    -0.799     2.083     7.577   6.000E-01      14.025
  111   14 SI    6    -4.965     3.316     8.585   6.000E-01      14.126
  112   14 SI    6    -2.149     0.591     8.859   6.000E-01      13.671
  113   14 SI    6    -4.367     2.271   -10.296   6.000E-01      13.669
  114   14 SI    6    -0.890     4.940    10.281   6.000E-01      13.287
  115   14 SI    6    -3.618    -0.559     7.394   6.000E-01      14.036
  116   14 SI    6    -0.810    -3.165     7.395   6.000E-01      13.996
  117   14 SI    6    -5.013    -1.995     8.581   6.000E-01      14.067
  118   14 SI    6    -2.255    -4.582     8.694   6.000E-01      14.085
  119   14 SI    6    -3.738    -3.320    10.010   6.000E-01      13.450
  120   14 SI    6    -0.773    -0.789    10.206   6.000E-01      13.568
  121   14 SI    6     3.836     3.018    -8.494   6.000E-01      12.647
  122   14 SI    6     0.363    -0.404    -7.267   6.000E-01      12.759
  123   14 SI    6     2.013    -2.687    -8.250   6.000E-01      12.772
  124   14 SI    6    -4.512     4.371    -9.005   6.000E-01      13.155
  125   14 SI    6    -1.887     1.458    -8.912   6.000E-01      13.000
  126   14 SI    6    -1.418     4.857    -7.568   6.000E-01      12.802
  127   14 SI    6     3.217     0.095    -7.484   6.000E-01      12.671
  128   14 SI    6    -4.606    -2.391    -8.625   6.000E-01      12.978
  129   14 SI    6    -1.201    -2.713    -9.281   6.000E-01      13.016
  130   14 SI    6     2.480     1.573    -2.383   6.000E-01      12.655
  131   14 SI    6    -1.116     4.233    -1.641   6.000E-01      13.355
  132   14 SI    6     3.970    -0.571    -4.459   6.000E-01      12.753
  133   14 SI    6    -2.459    -0.160    -5.886   6.000E-01      12.841
  134   14 SI    6     1.319    -4.674    -4.067   6.000E-01      12.784
  135   14 SI    6    -1.370    -3.101    -6.075   6.000E-01      12.886
  136   14 SI    6    -5.263    -2.958    -3.793   6.000E-01      12.766
  137   14 SI    6     3.156    -3.788    -1.905   6.000E-01      13.182
  138   14 SI    6    -2.079     1.590    -3.274   6.000E-01      12.762
  139   14 SI    6     4.369     3.965    -1.781   6.000E-01      13.032
  140   14 SI    6     0.459     2.935    -4.294   6.000E-01      13.083
  141   14 SI    6     1.165    -1.688    -4.439   6.000E-01      12.659
  142   14 SI    6    -4.914     2.338    -1.973   6.000E-01      13.039
  143   14 SI    6    -4.246     3.693    -6.159   6.000E-01      12.957
  144   14 SI    6    -0.008    -0.198    -1.820   6.000E-01      12.712
  145   14 SI    6     1.815     4.965    -6.911   6.000E-01      12.618
  146   14 SI    6     4.806    -1.352    -1.612   6.000E-01      13.303
  147   14 SI    6     4.258     4.922    -4.730   6.000E-01      12.722
  148   14 SI    6    -2.808    -4.978    -4.091   6.000E-01      12.633
 *******************************************************************************
 DE(K)                   0.000E+00  ENERGY LEVEL SHIFTING        0.00000
 TOTAL ENERGY -3.0844414823329E+04  CONVERGENCE ON ENER       -6.231E-08
 KIN. ENERGY   3.0737750676586E+04  VIR. COEFF.           1.03678476E+00
 N. OF SCF CYCLES              115  FERMI ENERGY              -0.940E-01
 WEIGHT OF F(I) IN F(I+1)      95
 SHRINK. FACT.(MONKH.)     2  2  2  SHRINKING FACTOR(GILAT NET)        2
 NUMBER OF K POINTS IN THE IBZ   8  CELL VOLUME (A.U.)       16349.03907
 *******************************************************************************

 GCALCO - MAX INDICES DIRECT LATTICE VECTOR    18    19     9
 NO.OF VECTORS CREATED 6999 STARS 1059 RMAX   301.31941 BOHR

 DIMENSIONS  P(G)= 6481856 F(G)= 1160186 P(G),F(G) (IRR) 3249384
 MAX G-VECTOR INDEX FOR 1- AND 2-ELECTRON INTEGRALS  43


 CAPPA:IS1  2;IS2  2;IS3  2; K PTS MONK NET    8; SYMMOPS: K SPACE  2;G SPACE  1


 CAPPA:IS1  6;IS2  6;IS3  3; K PTS MONK NET   56; SYMMOPS: K SPACE  2;G SPACE  1

 *******************************************************************************
 RESTART WITH NEW K POINTS NET
 *******************************************************************************
 POINTS IN THE IBZ                  56 POINTS(GILAT NET)                56
 SHRINK FACTORS(MONK.)         6  6  3 SHRINK FACTOR(GILAT)              6
 *******************************************************************************
 *** K POINTS COORDINATES (OBLIQUE COORDINATES IN UNITS OF IS =  6)
   1-R(  0  0  0)   2-C(  1  0  0)   3-C(  2  0  0)   4-R(  3  0  0)
   5-C(  0  1  0)   6-C(  1  1  0)   7-C(  2  1  0)   8-C(  3  1  0)
   9-C(  4  1  0)  10-C(  5  1  0)  11-C(  0  2  0)  12-C(  1  2  0)
  13-C(  2  2  0)  14-C(  3  2  0)  15-C(  4  2  0)  16-C(  5  2  0)
  17-R(  0  3  0)  18-C(  1  3  0)  19-C(  2  3  0)  20-R(  3  3  0)
  21-C(  0  0  1)  22-C(  1  0  1)  23-C(  2  0  1)  24-C(  3  0  1)
  25-C(  4  0  1)  26-C(  5  0  1)  27-C(  0  1  1)  28-C(  1  1  1)
  29-C(  2  1  1)  30-C(  3  1  1)  31-C(  4  1  1)  32-C(  5  1  1)
  33-C(  0  2  1)  34-C(  1  2  1)  35-C(  2  2  1)  36-C(  3  2  1)
  37-C(  4  2  1)  38-C(  5  2  1)  39-C(  0  3  1)  40-C(  1  3  1)
  41-C(  2  3  1)  42-C(  3  3  1)  43-C(  4  3  1)  44-C(  5  3  1)
  45-C(  0  4  1)  46-C(  1  4  1)  47-C(  2  4  1)  48-C(  3  4  1)
  49-C(  4  4  1)  50-C(  5  4  1)  51-C(  0  5  1)  52-C(  1  5  1)
  53-C(  2  5  1)  54-C(  3  5  1)  55-C(  4  5  1)  56-C(  5  5  1)

 FERMI ENERGY AND DENSITY MATRIX CALCULATION ON COMPUTED EIGENVECTORS
 DENSITY MATRIX AT SCF CYCLE (115+1)


    ALPHA      ELECTRONS
 INSULATING STATE
 TOP OF VALENCE BANDS -    BAND    869; K    4; EIG -9.3962061E-02 AU
 TOP OF VALENCE BANDS -    BAND    869; K    1; EIG -9.4867859E-02 AU
 BOTTOM OF VIRTUAL BANDS - BAND    870; K   21; EIG -8.3962767E-02 AU
 BOTTOM OF VIRTUAL BANDS - BAND    870; K    1; EIG -8.3937357E-02 AU

    BETA       ELECTRONS
 INSULATING STATE
 TOP OF VALENCE BANDS -    BAND    867; K   24; EIG -9.4292762E-02 AU
 TOP OF VALENCE BANDS -    BAND    867; K    1; EIG -1.0687526E-01 AU
 BOTTOM OF VIRTUAL BANDS - BAND    868; K   56; EIG -8.2289873E-02 AU
 BOTTOM OF VIRTUAL BANDS - BAND    868; K    1; EIG -9.9861472E-02 AU

 CORE DENSITY MATRIX CALCULATION
 TTTTTTTTTTTTTTTTTTTTTTTTTTTTTT NEWK        TELAPSE   106594.85 TCPU   106424.08
 TTTTTTTTTTTTTTTTTTTTTTTTTTTTTT SETPRINT    TELAPSE   106594.85 TCPU   106424.08

 *******************************************************************************
 HYPERFINE ELECTRON-NUCLEAR SPIN INTERACTION TENSOR
 ANISOTROPIC COMPONENTS - THE TENSOR IS TRACELESS
 *******************************************************************************


 POINT   ATOM  MASS NO  NUCLEAR G FACTOR
    1    1 O      17      -0.7575220

 TENSOR IN ORIGINAL CARTESIAN AXES
 XX  1.528278E-02 YY -7.320289E-03 ZZ -7.962492E-03 XY -4.449583E-03 XZ  4.109837E-03 YZ -1.007475E-03

 TENSOR IN PRINCIPAL AXIS SYSTEM
 AA  1.684695E-02 BB -8.083592E-03 CC -8.763353E-03

 PRINCIPAL AXES
         X             Y             Z
 A  9.682352E-01 -1.852680E-01  1.679176E-01
 B  2.333218E-01  9.108888E-01 -3.403566E-01
 C -8.989710E-02  3.687241E-01  9.251816E-01

 ANGLES BETWEEN PRINCIPAL AXES AND ORIGINAL AXES (DEGREES)
         X             Y             Z
 A     14.479946    100.676759     80.333232
 B     76.507278     24.371538    109.898599
 C     95.157687     68.363052     22.304238


 POINT   ATOM  MASS NO  NUCLEAR G FACTOR
    2    2 O      17      -0.7575220

 TENSOR IN ORIGINAL CARTESIAN AXES
 XX  8.589706E-03 YY -7.167782E-03 ZZ -1.421925E-03 XY  7.062257E-03 XZ  1.293925E-02 YZ  3.910149E-03

 TENSOR IN PRINCIPAL AXIS SYSTEM
 AA  1.984960E-02 BB -9.103155E-03 CC -1.074644E-02

 PRINCIPAL AXES
         X             Y             Z
 A  7.946725E-01  2.852741E-01  5.358305E-01
 B  9.431562E-02  8.139538E-01 -5.732222E-01
 C -5.996668E-01  5.060611E-01  6.199209E-01

 ANGLES BETWEEN PRINCIPAL AXES AND ORIGINAL AXES (DEGREES)
         X             Y             Z
 A     37.375670     73.424767     57.599746
 B     84.588069     35.515949    124.975228
 C    126.846036     59.598184     51.689642


 POINT   ATOM  MASS NO  NUCLEAR G FACTOR
    3    3 O      17      -0.7575220

 TENSOR IN ORIGINAL CARTESIAN AXES
 XX -6.765813E-02 YY -7.961686E-02 ZZ  1.472750E-01 XY  1.042612E-03 XZ  1.515946E-02 YZ -2.737463E-02

 TENSOR IN PRINCIPAL AXIS SYSTEM
 AA -6.813569E-02 BB -8.341239E-02 CC  1.515481E-01

 PRINCIPAL AXES
         X             Y             Z
 A  9.799078E-01  1.944816E-01 -4.424576E-02
 B -1.875147E-01  9.739005E-01  1.278908E-01
 C  6.796337E-02 -1.170244E-01  9.908008E-01

 ANGLES BETWEEN PRINCIPAL AXES AND ORIGINAL AXES (DEGREES)
         X             Y             Z
 A     11.504869     78.785558     92.535923
 B    100.807781     13.119064     82.652275
 C     86.102982     96.720405      7.777602


 POINT   ATOM  MASS NO  NUCLEAR G FACTOR
    4    4 O      17      -0.7575220

 TENSOR IN ORIGINAL CARTESIAN AXES
 XX  1.071758E-02 YY -6.710021E-03 ZZ -4.007555E-03 XY -1.901315E-03 XZ -5.424976E-03 YZ  2.089139E-03

 TENSOR IN PRINCIPAL AXIS SYSTEM
 AA  1.281166E-02 BB -7.916336E-03 CC -4.895319E-03

 PRINCIPAL AXES
         X             Y             Z
 A  9.395172E-01 -1.256039E-01 -3.186394E-01
 B -7.483876E-02  8.325633E-01 -5.488510E-01
 C  3.342253E-01  5.395015E-01  7.728076E-01

 ANGLES BETWEEN PRINCIPAL AXES AND ORIGINAL AXES (DEGREES)
         X             Y             Z
 A     20.029364     97.215634    108.580660
 B     94.291958     33.637037    123.288223
 C     70.474563     57.350286     39.393322


 POINT   ATOM  MASS NO  NUCLEAR G FACTOR
    5    5 O      17      -0.7575220

 TENSOR IN ORIGINAL CARTESIAN AXES
 XX -3.424563E-03 YY  1.853302E-03 ZZ  1.571261E-03 XY -6.461485E-04 XZ  1.209370E-03 YZ -1.321738E-03

 TENSOR IN PRINCIPAL AXIS SYSTEM
 AA -3.723386E-03 BB  3.291722E-03 CC  4.316639E-04

 PRINCIPAL AXES
         X             Y             Z
 A  9.762425E-01  6.405270E-02 -2.069972E-01
 B -1.904529E-01  7.092437E-01 -6.787497E-01
 C  1.033357E-01  7.020475E-01  7.045928E-01

 ANGLES BETWEEN PRINCIPAL AXES AND ORIGINAL AXES (DEGREES)
         X             Y             Z
 A     12.514155     86.327536    101.946436
 B    100.979216     44.826588    132.746014
 C     84.068714     45.408495     45.203340


 POINT   ATOM  MASS NO  NUCLEAR G FACTOR
    6    6 O      17      -0.7575220

 TENSOR IN ORIGINAL CARTESIAN AXES
 XX -3.999373E-02 YY  1.960395E-01 ZZ -1.560458E-01 XY -6.594956E-02 XZ -1.836097E-01 YZ -1.222839E-01

 TENSOR IN PRINCIPAL AXIS SYSTEM
 AA  9.216748E-02 BB  2.346915E-01 CC -3.268590E-01

 PRINCIPAL AXES
         X             Y             Z
 A  8.258920E-01 -1.233280E-01 -5.501750E-01
 B -4.320601E-02  9.590723E-01 -2.798455E-01
 C  5.621704E-01  2.548930E-01  7.867617E-01

 ANGLES BETWEEN PRINCIPAL AXES AND ORIGINAL AXES (DEGREES)
         X             Y             Z
 A     34.320966     97.084212    123.379021
 B     92.476293     16.448966    106.250984
 C     55.793969     75.232753     38.116093


 POINT   ATOM  MASS NO  NUCLEAR G FACTOR
    7    7 O      17      -0.7575220

 TENSOR IN ORIGINAL CARTESIAN AXES
 XX  9.244602E-04 YY -1.164414E-03 ZZ  2.399536E-04 XY -1.558816E-04 XZ  9.285677E-04 YZ -1.913773E-03

 TENSOR IN PRINCIPAL AXIS SYSTEM
 AA  2.172605E-03 BB -2.550180E-03 CC  3.775746E-04

 PRINCIPAL AXES
         X             Y             Z
 A  5.733441E-01 -4.275921E-01  6.988859E-01
 B -1.214478E-01  7.992354E-01  5.886198E-01
 C -8.102635E-01 -4.223599E-01  4.063067E-01

 ANGLES BETWEEN PRINCIPAL AXES AND ORIGINAL AXES (DEGREES)
         X             Y             Z
 A     55.016250    115.314846     45.662309
 B     96.975667     36.942854     53.940873
 C    144.121687    114.983665     66.026960


 POINT   ATOM  MASS NO  NUCLEAR G FACTOR
    8    8 O      17      -0.7575220

 TENSOR IN ORIGINAL CARTESIAN AXES
 XX -3.108753E-03 YY -1.319733E-03 ZZ  4.428486E-03 XY  1.399641E-03 XZ  3.018841E-03 YZ  2.773812E-03

 TENSOR IN PRINCIPAL AXIS SYSTEM
 AA -4.251206E-03 BB -2.426389E-03 CC  6.677595E-03

 PRINCIPAL AXES
         X             Y             Z
 A  9.434227E-01 -2.006277E-01 -2.640117E-01
 B  8.064465E-02  9.111109E-01 -4.041946E-01
 C  3.216365E-01  3.600353E-01  8.757423E-01

 ANGLES BETWEEN PRINCIPAL AXES AND ORIGINAL AXES (DEGREES)
         X             Y             Z
 A     19.365466    101.573667    105.308233
 B     85.374379     24.340671    113.840669
 C     71.238075     68.897638     28.867054


 POINT   ATOM  MASS NO  NUCLEAR G FACTOR
    9    9 O      17      -0.7575220

 TENSOR IN ORIGINAL CARTESIAN AXES
 XX  2.017808E-01 YY -9.721472E-02 ZZ -1.045660E-01 XY  7.373965E-02 XZ -1.274357E-03 YZ -4.876127E-03

 TENSOR IN PRINCIPAL AXIS SYSTEM
 AA  2.189947E-01 BB -1.161332E-01 CC -1.028615E-01

 PRINCIPAL AXES
         X             Y             Z
 A  9.738198E-01  2.272055E-01 -7.259461E-03
 B -2.094171E-01  9.090846E-01  3.601522E-01
 C  8.842802E-02 -3.492031E-01  9.328653E-01

 ANGLES BETWEEN PRINCIPAL AXES AND ORIGINAL AXES (DEGREES)
         X             Y             Z
 A     13.139425     76.867397     90.415940
 B    102.088195     24.620839     68.890458
 C     84.926821    110.438578     21.114035


 POINT   ATOM  MASS NO  NUCLEAR G FACTOR
   10   10 O      17      -0.7575220

 TENSOR IN ORIGINAL CARTESIAN AXES
 XX -3.381720E-03 YY  5.701362E-03 ZZ -2.319641E-03 XY  1.574599E-05 XZ -4.062824E-03 YZ -4.866075E-03

 TENSOR IN PRINCIPAL AXIS SYSTEM
 AA -7.799489E-03 BB  8.284103E-03 CC -4.846141E-04

 PRINCIPAL AXES
         X             Y             Z
 A  6.538919E-01  2.558653E-01  7.120101E-01
 B  1.621478E-01  8.718216E-01 -4.622069E-01
 C -7.390085E-01  4.176842E-01  5.285891E-01

 ANGLES BETWEEN PRINCIPAL AXES AND ORIGINAL AXES (DEGREES)
         X             Y             Z
 A     49.164322     75.175138     44.601300
 B     80.668417     29.328984    117.529605
 C    137.647022     65.311534     58.089827


 POINT   ATOM  MASS NO  NUCLEAR G FACTOR
   11   11 O      17      -0.7575220

 TENSOR IN ORIGINAL CARTESIAN AXES
 XX -2.671243E-02 YY  7.056258E-02 ZZ -4.385015E-02 XY  4.940457E-02 XZ  7.124128E-04 YZ  5.965568E-03

 TENSOR IN PRINCIPAL AXIS SYSTEM
 AA -4.808287E-02 BB  9.150008E-02 CC -4.341721E-02

 PRINCIPAL AXES
         X             Y             Z
 A  8.464513E-01 -3.716396E-01  3.813191E-01
 B  3.854764E-01  9.217313E-01  4.265430E-02
 C -3.673257E-01  1.108847E-01  9.234589E-01

 ANGLES BETWEEN PRINCIPAL AXES AND ORIGINAL AXES (DEGREES)
         X             Y             Z
 A     32.172236    111.816772     67.584588
 B     67.326684     22.819487     87.555347
 C    111.550783     83.633683     22.562891


 POINT   ATOM  MASS NO  NUCLEAR G FACTOR
   12   12 O      17      -0.7575220

 TENSOR IN ORIGINAL CARTESIAN AXES
 XX -7.194559E-04 YY  1.453292E-03 ZZ -7.338364E-04 XY -2.022565E-04 XZ -5.184733E-05 YZ -3.426200E-04

 TENSOR IN PRINCIPAL AXIS SYSTEM
 AA -6.757577E-04 BB  1.522190E-03 CC -8.464326E-04

 PRINCIPAL AXES
         X             Y             Z
 A  8.015892E-01 -2.001021E-02 -5.975402E-01
 B -8.548783E-02  9.853341E-01 -1.476769E-01
 C  5.917318E-01  1.694586E-01  7.881226E-01

 ANGLES BETWEEN PRINCIPAL AXES AND ORIGINAL AXES (DEGREES)
         X             Y             Z
 A     36.717870     91.146577    126.693932
 B     94.904078      9.824796     98.492321
 C     53.719998     80.243658     37.989591


 POINT   ATOM  MASS NO  NUCLEAR G FACTOR
   13   13 O      17      -0.7575220

 TENSOR IN ORIGINAL CARTESIAN AXES
 XX  7.678672E-04 YY  1.323968E-05 ZZ -7.811069E-04 XY  1.397316E-03 XZ  1.053645E-03 YZ -1.322745E-03

 TENSOR IN PRINCIPAL AXIS SYSTEM
 AA  1.838555E-03 BB -2.615468E-03 CC  7.769127E-04

 PRINCIPAL AXES
         X             Y             Z
 A  8.007613E-01  5.986565E-01  1.979280E-02
 B -4.509277E-01  5.807507E-01  6.777852E-01
 C  3.942659E-01 -5.516693E-01  7.349935E-01

 ANGLES BETWEEN PRINCIPAL AXES AND ORIGINAL AXES (DEGREES)
         X             Y             Z
 A     36.797139     53.226263     88.865882
 B    116.803220     54.496640     47.329184
 C     66.779804    123.481610     42.693335


 POINT   ATOM  MASS NO  NUCLEAR G FACTOR
   14   14 O      17      -0.7575220

 TENSOR IN ORIGINAL CARTESIAN AXES
 XX -4.920733E-03 YY  5.294133E-03 ZZ -3.733995E-04 XY -4.787186E-04 XZ  6.970799E-03 YZ -5.572865E-03

 TENSOR IN PRINCIPAL AXIS SYSTEM
 AA -1.055966E-02 BB  1.001677E-02 CC  5.428896E-04

 PRINCIPAL AXES
         X             Y             Z
 A  7.556125E-01 -1.967958E-01 -6.247569E-01
 B -3.039726E-01  7.395243E-01 -6.005868E-01
 C  5.802159E-01  6.437198E-01  4.989732E-01

 ANGLES BETWEEN PRINCIPAL AXES AND ORIGINAL AXES (DEGREES)
         X             Y             Z
 A     40.921087    101.349648    128.664350
 B    107.696363     42.309090    126.911933
 C     54.534271     49.930240     60.067906


 POINT   ATOM  MASS NO  NUCLEAR G FACTOR
   15   15 O      17      -0.7575220

 TENSOR IN ORIGINAL CARTESIAN AXES
 XX  1.058259E-02 YY  1.685777E-02 ZZ -2.744036E-02 XY -1.558489E-02 XZ  3.165773E-02 YZ  2.814892E-02

 TENSOR IN PRINCIPAL AXIS SYSTEM
 AA  2.846136E-02 BB  3.054097E-02 CC -5.900232E-02

 PRINCIPAL AXES
         X             Y             Z
 A  8.888435E-01 -1.231426E-01  4.413538E-01
 B -7.358632E-02  9.123470E-01  4.027505E-01
 C -4.522636E-01 -3.904597E-01  8.018721E-01

 ANGLES BETWEEN PRINCIPAL AXES AND ORIGINAL AXES (DEGREES)
         X             Y             Z
 A     27.271726     97.073504     63.809706
 B     94.220000     24.168264     66.249763
 C    116.889007    112.983108     36.690754


 POINT   ATOM  MASS NO  NUCLEAR G FACTOR
   16   16 O      17      -0.7575220

 TENSOR IN ORIGINAL CARTESIAN AXES
 XX -1.882721E-03 YY -2.299896E-04 ZZ  2.112710E-03 XY  6.641022E-03 XZ -4.741432E-03 YZ  1.096321E-02

 TENSOR IN PRINCIPAL AXIS SYSTEM
 AA -1.507858E-02 BB  3.035488E-03 CC  1.204309E-02

 PRINCIPAL AXES
         X             Y             Z
 A  5.243489E-01 -6.449784E-01  5.559326E-01
 B  8.474453E-01  3.316136E-01 -4.145708E-01
 C  8.303444E-02  6.885022E-01  7.204651E-01

 ANGLES BETWEEN PRINCIPAL AXES AND ORIGINAL AXES (DEGREES)
         X             Y             Z
 A     58.375575    130.164055     56.225025
 B     32.065121     70.633259    114.492293
 C     85.236993     46.488335     43.907107


 POINT   ATOM  MASS NO  NUCLEAR G FACTOR
   17   17 O      17      -0.7575220

 TENSOR IN ORIGINAL CARTESIAN AXES
 XX -8.918232E-04 YY -5.554237E-04 ZZ  1.447247E-03 XY  1.110386E-03 XZ  1.413768E-03 YZ  8.668940E-04

 TENSOR IN PRINCIPAL AXIS SYSTEM
 AA -1.956174E-03 BB -6.688571E-04 CC  2.625031E-03

 PRINCIPAL AXES
         X             Y             Z
 A  8.251933E-01 -5.247097E-01 -2.091311E-01
 B  3.473060E-01  7.633093E-01 -5.447361E-01
 C  4.454601E-01  3.768801E-01  8.121125E-01

 ANGLES BETWEEN PRINCIPAL AXES AND ORIGINAL AXES (DEGREES)
         X             Y             Z
 A     34.391911    121.648702    102.071438
 B     69.677376     40.243184    123.006633
 C     63.547223     67.859438     35.697154


 POINT   ATOM  MASS NO  NUCLEAR G FACTOR
   18   18 O      17      -0.7575220

 TENSOR IN ORIGINAL CARTESIAN AXES
 XX  3.728580E-03 YY -9.619302E-04 ZZ -2.766650E-03 XY -9.368856E-05 XZ  8.473499E-04 YZ -5.131233E-04

 TENSOR IN PRINCIPAL AXIS SYSTEM
 AA  3.842555E-03 BB -8.455720E-04 CC -2.996983E-03

 PRINCIPAL AXES
         X             Y             Z
 A  9.910074E-01 -3.317086E-02  1.296302E-01
 B  6.278904E-02  9.707819E-01 -2.316030E-01
 C -1.181602E-01  2.376596E-01  9.641349E-01

 ANGLES BETWEEN PRINCIPAL AXES AND ORIGINAL AXES (DEGREES)
         X             Y             Z
 A      7.689634     91.900899     82.551778
 B     86.400085     13.884377    103.391465
 C     96.785932     76.251549     15.391479


 POINT   ATOM  MASS NO  NUCLEAR G FACTOR
   19   19 O      17      -0.7575220

 TENSOR IN ORIGINAL CARTESIAN AXES
 XX -2.424687E-02 YY  1.601852E-02 ZZ  8.228352E-03 XY -1.365677E-02 XZ  8.137433E-03 YZ -3.671521E-02

 TENSOR IN PRINCIPAL AXIS SYSTEM
 AA -2.940877E-02 BB  5.223011E-02 CC -2.282134E-02

 PRINCIPAL AXES
         X             Y             Z
 A  8.201531E-01  4.879803E-01  2.987040E-01
 B -2.001151E-01  7.337646E-01 -6.492638E-01
 C -5.360064E-01  4.727205E-01  6.994515E-01

 ANGLES BETWEEN PRINCIPAL AXES AND ORIGINAL AXES (DEGREES)
         X             Y             Z
 A     34.899879     60.792078     72.620218
 B    101.543688     42.797070    130.486117
 C    122.412190     61.788964     45.616984


 POINT   ATOM  MASS NO  NUCLEAR G FACTOR
   20   20 O      17      -0.7575220

 TENSOR IN ORIGINAL CARTESIAN AXES
 XX  2.220477E-03 YY -9.591696E-05 ZZ -2.124560E-03 XY  1.005445E-03 XZ -4.657476E-04 YZ -1.047083E-03

 TENSOR IN PRINCIPAL AXIS SYSTEM
 AA  2.734557E-03 BB -1.661932E-04 CC -2.568364E-03

 PRINCIPAL AXES
         X             Y             Z
 A  9.071026E-01  3.850839E-01 -1.699271E-01
 B -4.208255E-01  8.377936E-01 -3.478618E-01
 C  8.407845E-03  3.870560E-01  9.220179E-01

 ANGLES BETWEEN PRINCIPAL AXES AND ORIGINAL AXES (DEGREES)
         X             Y             Z
 A     24.892022     67.351052     99.783580
 B    114.886717     33.092147    110.356589
 C     89.518260     67.228560     22.777114


 POINT   ATOM  MASS NO  NUCLEAR G FACTOR
   21   21 O      17      -0.7575220

 TENSOR IN ORIGINAL CARTESIAN AXES
 XX -1.075774E-02 YY  1.214958E-02 ZZ -1.391841E-03 XY  1.425363E-02 XZ  1.091849E-02 YZ  3.900173E-03

 TENSOR IN PRINCIPAL AXIS SYSTEM
 AA -2.125315E-02 BB  2.209207E-02 CC -8.389136E-04

 PRINCIPAL AXES
         X             Y             Z
 A  8.558958E-01 -3.175712E-01 -4.081555E-01
 B  4.686215E-01  8.100614E-01  3.524123E-01
 C  2.187150E-01 -4.928986E-01  8.421489E-01

 ANGLES BETWEEN PRINCIPAL AXES AND ORIGINAL AXES (DEGREES)
         X             Y             Z
 A     31.141161    108.516107    114.089019
 B     62.055145     35.898070     69.365070
 C     77.366429    119.531278     32.632266


 POINT   ATOM  MASS NO  NUCLEAR G FACTOR
   22   22 O      17      -0.7575220

 TENSOR IN ORIGINAL CARTESIAN AXES
 XX -3.627951E-02 YY -1.256739E-02 ZZ  4.884691E-02 XY -8.533213E-02 XZ -3.029206E-02 YZ -2.537142E-02

 TENSOR IN PRINCIPAL AXIS SYSTEM
 AA -1.198284E-01 BB  6.187230E-02 CC  5.795612E-02

 PRINCIPAL AXES
         X             Y             Z
 A  7.349448E-01  6.386317E-01  2.280475E-01
 B -6.767539E-01  7.121283E-01  1.867550E-01
 C -4.313141E-02 -2.915866E-01  9.555715E-01

 ANGLES BETWEEN PRINCIPAL AXES AND ORIGINAL AXES (DEGREES)
         X             Y             Z
 A     42.697448     50.310133     76.817854
 B    132.590498     44.591654     79.236530
 C     92.472014    106.952970     17.143109


 POINT   ATOM  MASS NO  NUCLEAR G FACTOR
   23   23 O      17      -0.7575220

 TENSOR IN ORIGINAL CARTESIAN AXES
 XX  2.284021E-04 YY -2.185335E-03 ZZ  1.956933E-03 XY -2.211092E-03 XZ  4.760149E-03 YZ -5.045717E-03

 TENSOR IN PRINCIPAL AXIS SYSTEM
 AA -5.754771E-03 BB -2.823306E-03 CC  8.578077E-03

 PRINCIPAL AXES
         X             Y             Z
 A  2.218092E-01 -7.475733E-01 -6.260469E-01
 B  8.188343E-01  4.914120E-01 -2.966895E-01
 C  5.294442E-01 -4.468202E-01  7.211384E-01

 ANGLES BETWEEN PRINCIPAL AXES AND ORIGINAL AXES (DEGREES)
         X             Y             Z
 A     77.184680    138.380609    128.759071
 B     35.031732     60.566567    107.258875
 C     58.032093    116.539854     43.851452


 POINT   ATOM  MASS NO  NUCLEAR G FACTOR
   24   24 O      17      -0.7575220

 TENSOR IN ORIGINAL CARTESIAN AXES
 XX -3.999228E-02 YY  1.136257E-01 ZZ -7.363340E-02 XY -3.987094E-02 XZ  1.573073E-02 YZ -6.461094E-02

 TENSOR IN PRINCIPAL AXIS SYSTEM
 AA -4.972408E-02 BB  1.437039E-01 CC -9.397981E-02

 PRINCIPAL AXES
         X             Y             Z
 A  9.715506E-01  2.368307E-01 -7.800041E-04
 B -2.266891E-01  9.289829E-01 -2.925795E-01
 C -6.856721E-02  2.844327E-01  9.562409E-01

 ANGLES BETWEEN PRINCIPAL AXES AND ORIGINAL AXES (DEGREES)
         X             Y             Z
 A     13.699636     76.300439     90.044691
 B    103.102220     21.723176    107.012453
 C     93.931696     73.475061     17.012515


 POINT   ATOM  MASS NO  NUCLEAR G FACTOR
   25   25 O      17      -0.7575220

 TENSOR IN ORIGINAL CARTESIAN AXES
 XX  2.607945E-01 YY -7.541779E-02 ZZ -1.853767E-01 XY  2.362269E-01 XZ -1.263959E-01 YZ -5.952640E-02

 TENSOR IN PRINCIPAL AXIS SYSTEM
 AA  4.150912E-01 BB -1.961433E-01 CC -2.189479E-01

 PRINCIPAL AXES
         X             Y             Z
 A  8.665192E-01  4.447981E-01 -2.264928E-01
 B -4.011960E-01  8.906124E-01  2.141290E-01
 C  2.969615E-01 -9.467884E-02  9.501841E-01

 ANGLES BETWEEN PRINCIPAL AXES AND ORIGINAL AXES (DEGREES)
         X             Y             Z
 A     29.943361     63.589575    103.090677
 B    113.652970     27.049693     77.635570
 C     72.724806     95.432835     18.161064


 POINT   ATOM  MASS NO  NUCLEAR G FACTOR
   26   26 O      17      -0.7575220

 TENSOR IN ORIGINAL CARTESIAN AXES
 XX -3.858656E-02 YY -1.047738E-01 ZZ  1.433604E-01 XY -1.138791E-03 XZ  1.207583E-01 YZ  7.958408E-03

 TENSOR IN PRINCIPAL AXIS SYSTEM
 AA -9.636278E-02 BB -1.073570E-01 CC  2.037198E-01

 PRINCIPAL AXES
         X             Y             Z
 A  7.939502E-01 -4.711190E-01 -3.843045E-01
 B  4.133391E-01  8.818091E-01 -2.270761E-01
 C  4.458631E-01  2.143901E-02  8.948444E-01

 ANGLES BETWEEN PRINCIPAL AXES AND ORIGINAL AXES (DEGREES)
         X             Y             Z
 A     37.443787    118.106955    112.600572
 B     65.585238     28.138630    103.124988
 C     63.521428     88.771541     26.511551


 POINT   ATOM  MASS NO  NUCLEAR G FACTOR
   27   27 O      17      -0.7575220

 TENSOR IN ORIGINAL CARTESIAN AXES
 XX -5.643922E-03 YY  1.549522E-02 ZZ -9.851298E-03 XY -7.144669E-03 XZ -1.395355E-03 YZ  4.101895E-03

 TENSOR IN PRINCIPAL AXIS SYSTEM
 AA -7.825776E-03 BB  1.834856E-02 CC -1.052279E-02

 PRINCIPAL AXES
         X             Y             Z
 A  9.526287E-01  3.003088E-01 -4.809575E-02
 B -2.901936E-01  9.448523E-01  1.517954E-01
 C  9.102887E-02 -1.306475E-01  9.872411E-01

 ANGLES BETWEEN PRINCIPAL AXES AND ORIGINAL AXES (DEGREES)
         X             Y             Z
 A     17.706179     72.523848     92.756747
 B    106.869548     19.116912     81.269015
 C     84.777200     97.507012      9.162359


 POINT   ATOM  MASS NO  NUCLEAR G FACTOR
   28   28 O      17      -0.7575220

 TENSOR IN ORIGINAL CARTESIAN AXES
 XX  1.096460E-03 YY -2.027348E-03 ZZ  9.308886E-04 XY  5.079814E-03 XZ  4.472494E-03 YZ  1.920179E-03

 TENSOR IN PRINCIPAL AXIS SYSTEM
 AA  8.045161E-03 BB -6.032754E-03 CC -2.012406E-03

 PRINCIPAL AXES
         X             Y             Z
 A  6.928636E-01  4.559239E-01  5.586353E-01
 B -6.539623E-01  7.236915E-01  2.204630E-01
 C -3.037653E-01 -5.180772E-01  7.995765E-01

 ANGLES BETWEEN PRINCIPAL AXES AND ORIGINAL AXES (DEGREES)
         X             Y             Z
 A     46.142785     62.875603     56.038525
 B    130.841014     43.639896     77.263774
 C    107.683897    121.203363     36.910316


 POINT   ATOM  MASS NO  NUCLEAR G FACTOR
   29   29 O      17      -0.7575220

 TENSOR IN ORIGINAL CARTESIAN AXES
 XX -1.323641E-02 YY -2.177784E-02 ZZ  3.501424E-02 XY -7.339439E-02 XZ -8.882936E-03 YZ -1.496190E-02

 TENSOR IN PRINCIPAL AXIS SYSTEM
 AA  5.674407E-02 BB -9.327444E-02 CC  3.653036E-02

 PRINCIPAL AXES
         X             Y             Z
 A  6.991794E-01 -6.895260E-01  1.889499E-01
 B  6.778812E-01  7.233515E-01  1.312999E-01
 C -2.272119E-01  3.628346E-02  9.731692E-01

 ANGLES BETWEEN PRINCIPAL AXES AND ORIGINAL AXES (DEGREES)
         X             Y             Z
 A     45.638795    133.592597     79.108489
 B     47.321707     43.668113     82.455288
 C    103.132980     87.920654     13.302412


 POINT   ATOM  MASS NO  NUCLEAR G FACTOR
   30   30 O      17      -0.7575220

 TENSOR IN ORIGINAL CARTESIAN AXES
